Date,Time,"Stanford","Ohlone",Total
12/16/13 0:00,9:00:00 AM,0,0,0
12/16/13 0:00,10:00:00 AM,22,2,24
12/16/13 0:00,11:00:00 AM,1,0,1
12/16/13 0:00,12:00:00 PM,66,30,96
12/16/13 0:00,1:00:00 PM,57,1,58
12/16/13 0:00,2:00:00 PM,53,5,58
12/16/13 0:00,3:00:00 PM,66,1,67
12/16/13 0:00,4:00:00 PM,48,6,54
12/16/13 0:00,5:00:00 PM,51,0,51
12/16/13 0:00,6:00:00 PM,29,2,31
12/16/13 0:00,7:00:00 PM,6,0,6
12/16/13 0:00,8:00:00 PM,12,0,12
12/16/13 0:00,9:00:00 PM,6,0,6
12/16/13 0:00,10:00:00 PM,3,0,3
12/16/13 0:00,11:00:00 PM,0,1,1
12/17/13 0:00,12:00:00 AM,0,0,0
12/17/13 0:00,1:00:00 AM,0,1,1
12/17/13 0:00,2:00:00 AM,0,0,0
12/17/13 0:00,3:00:00 AM,1,0,1
12/17/13 0:00,4:00:00 AM,3,1,4
12/17/13 0:00,5:00:00 AM,19,0,19
12/17/13 0:00,6:00:00 AM,37,2,39
12/17/13 0:00,7:00:00 AM,32,6,38
12/17/13 0:00,8:00:00 AM,58,3,61
12/17/13 0:00,9:00:00 AM,74,1,75
12/17/13 0:00,10:00:00 AM,52,0,52
12/17/13 0:00,11:00:00 AM,36,46,82
12/17/13 0:00,12:00:00 PM,51,2,53
12/17/13 0:00,1:00:00 PM,56,3,59
12/17/13 0:00,2:00:00 PM,44,12,56
12/17/13 0:00,3:00:00 PM,61,29,90
12/17/13 0:00,4:00:00 PM,52,81,133
12/17/13 0:00,5:00:00 PM,55,39,94
12/17/13 0:00,6:00:00 PM,19,88,107
12/17/13 0:00,7:00:00 PM,24,14,38
12/17/13 0:00,8:00:00 PM,15,22,37
12/17/13 0:00,9:00:00 PM,8,41,49
12/17/13 0:00,10:00:00 PM,8,18,26
12/17/13 0:00,11:00:00 PM,1,2,3
12/18/13 0:00,12:00:00 AM,1,0,1
12/18/13 0:00,1:00:00 AM,0,29,29
12/18/13 0:00,2:00:00 AM,0,15,15
12/18/13 0:00,3:00:00 AM,3,0,3
12/18/13 0:00,4:00:00 AM,5,1,6
12/18/13 0:00,5:00:00 AM,13,18,31
12/18/13 0:00,6:00:00 AM,30,112,142
12/18/13 0:00,7:00:00 AM,36,17,53
12/18/13 0:00,8:00:00 AM,54,9,63
12/18/13 0:00,9:00:00 AM,92,15,107
12/18/13 0:00,10:00:00 AM,71,22,93
12/18/13 0:00,11:00:00 AM,72,8,80
12/18/13 0:00,12:00:00 PM,60,12,72
12/18/13 0:00,1:00:00 PM,51,11,62
12/18/13 0:00,2:00:00 PM,37,1,38
12/18/13 0:00,3:00:00 PM,55,2,57
12/18/13 0:00,4:00:00 PM,57,3,60
12/18/13 0:00,5:00:00 PM,54,0,54
12/18/13 0:00,6:00:00 PM,35,0,35
12/18/13 0:00,7:00:00 PM,22,0,22
12/18/13 0:00,8:00:00 PM,14,0,14
12/18/13 0:00,9:00:00 PM,8,0,8
12/18/13 0:00,10:00:00 PM,5,0,5
12/18/13 0:00,11:00:00 PM,0,0,0
12/19/13 0:00,12:00:00 AM,0,0,0
12/19/13 0:00,1:00:00 AM,0,0,0
12/19/13 0:00,2:00:00 AM,0,0,0
12/19/13 0:00,3:00:00 AM,0,0,0
12/19/13 0:00,4:00:00 AM,4,2,6
12/19/13 0:00,5:00:00 AM,26,3,29
12/19/13 0:00,6:00:00 AM,17,0,17
12/19/13 0:00,7:00:00 AM,44,7,51
12/19/13 0:00,8:00:00 AM,59,2,61
12/19/13 0:00,9:00:00 AM,55,7,62
12/19/13 0:00,10:00:00 AM,92,4,96
12/19/13 0:00,11:00:00 AM,56,3,59
12/19/13 0:00,12:00:00 PM,35,2,37
12/19/13 0:00,1:00:00 PM,52,1,53
12/19/13 0:00,2:00:00 PM,56,2,58
12/19/13 0:00,3:00:00 PM,76,3,79
12/19/13 0:00,4:00:00 PM,60,3,63
12/19/13 0:00,5:00:00 PM,37,1,38
12/19/13 0:00,6:00:00 PM,26,0,26
12/19/13 0:00,7:00:00 PM,11,2,13
12/19/13 0:00,8:00:00 PM,11,1,12
12/19/13 0:00,9:00:00 PM,3,1,4
12/19/13 0:00,10:00:00 PM,1,0,1
12/19/13 0:00,11:00:00 PM,4,0,4
12/20/13 0:00,12:00:00 AM,2,2,4
12/20/13 0:00,1:00:00 AM,0,0,0
12/20/13 0:00,2:00:00 AM,2,0,2
12/20/13 0:00,3:00:00 AM,0,0,0
12/20/13 0:00,4:00:00 AM,7,1,8
12/20/13 0:00,5:00:00 AM,18,1,19
12/20/13 0:00,6:00:00 AM,34,1,35
12/20/13 0:00,7:00:00 AM,54,2,56
12/20/13 0:00,8:00:00 AM,61,4,65
12/20/13 0:00,9:00:00 AM,92,6,98
12/20/13 0:00,10:00:00 AM,67,4,71
12/20/13 0:00,11:00:00 AM,68,4,72
12/20/13 0:00,12:00:00 PM,60,10,70
12/20/13 0:00,1:00:00 PM,44,1,45
12/20/13 0:00,2:00:00 PM,60,3,63
12/20/13 0:00,3:00:00 PM,70,5,75
12/20/13 0:00,4:00:00 PM,57,11,68
12/20/13 0:00,5:00:00 PM,50,17,67
12/20/13 0:00,6:00:00 PM,29,5,34
12/20/13 0:00,7:00:00 PM,7,3,10
12/20/13 0:00,8:00:00 PM,4,0,4
12/20/13 0:00,9:00:00 PM,4,0,4
12/20/13 0:00,10:00:00 PM,5,0,5
12/20/13 0:00,11:00:00 PM,2,0,2
12/21/13 0:00,12:00:00 AM,0,0,0
12/21/13 0:00,1:00:00 AM,0,1,1
12/21/13 0:00,2:00:00 AM,1,0,1
12/21/13 0:00,3:00:00 AM,0,0,0
12/21/13 0:00,4:00:00 AM,9,0,9
12/21/13 0:00,5:00:00 AM,47,0,47
12/21/13 0:00,6:00:00 AM,84,1,85
12/21/13 0:00,7:00:00 AM,97,4,101
12/21/13 0:00,8:00:00 AM,182,11,193
12/21/13 0:00,9:00:00 AM,233,23,256
12/21/13 0:00,10:00:00 AM,213,43,256
12/21/13 0:00,11:00:00 AM,183,23,206
12/21/13 0:00,12:00:00 PM,165,30,195
12/21/13 0:00,1:00:00 PM,117,7,124
12/21/13 0:00,2:00:00 PM,125,25,150
12/21/13 0:00,3:00:00 PM,118,16,134
12/21/13 0:00,4:00:00 PM,114,5,119
12/21/13 0:00,5:00:00 PM,81,2,83
12/21/13 0:00,6:00:00 PM,32,0,32
12/21/13 0:00,7:00:00 PM,12,1,13
12/21/13 0:00,8:00:00 PM,6,0,6
12/21/13 0:00,9:00:00 PM,7,0,7
12/21/13 0:00,10:00:00 PM,2,0,2
12/21/13 0:00,11:00:00 PM,7,0,7
12/22/13 0:00,12:00:00 AM,0,0,0
12/22/13 0:00,1:00:00 AM,3,0,3
12/22/13 0:00,2:00:00 AM,0,0,0
12/22/13 0:00,3:00:00 AM,0,0,0
12/22/13 0:00,4:00:00 AM,13,0,13
12/22/13 0:00,5:00:00 AM,36,1,37
12/22/13 0:00,6:00:00 AM,64,4,68
12/22/13 0:00,7:00:00 AM,136,8,144
12/22/13 0:00,8:00:00 AM,142,54,196
12/22/13 0:00,9:00:00 AM,193,17,210
12/22/13 0:00,10:00:00 AM,215,30,245
12/22/13 0:00,11:00:00 AM,201,33,234
12/22/13 0:00,12:00:00 PM,166,35,201
12/22/13 0:00,1:00:00 PM,155,31,186
12/22/13 0:00,2:00:00 PM,206,29,235
12/22/13 0:00,3:00:00 PM,205,39,244
12/22/13 0:00,4:00:00 PM,173,33,206
12/22/13 0:00,5:00:00 PM,134,17,151
12/22/13 0:00,6:00:00 PM,42,1,43
12/22/13 0:00,7:00:00 PM,13,0,13
12/22/13 0:00,8:00:00 PM,5,1,6
12/22/13 0:00,9:00:00 PM,3,0,3
12/22/13 0:00,10:00:00 PM,1,0,1
12/22/13 0:00,11:00:00 PM,2,2,4
12/23/13 0:00,12:00:00 AM,1,0,1
12/23/13 0:00,1:00:00 AM,0,0,0
12/23/13 0:00,2:00:00 AM,0,0,0
12/23/13 0:00,3:00:00 AM,13,0,13
12/23/13 0:00,4:00:00 AM,8,1,9
12/23/13 0:00,5:00:00 AM,29,6,35
12/23/13 0:00,6:00:00 AM,38,5,43
12/23/13 0:00,7:00:00 AM,60,12,72
12/23/13 0:00,8:00:00 AM,88,15,103
12/23/13 0:00,9:00:00 AM,144,24,168
12/23/13 0:00,10:00:00 AM,123,19,142
12/23/13 0:00,12:00:00 PM,123,15,138
12/23/13 0:00,1:00:00 PM,86,16,102
12/23/13 0:00,2:00:00 PM,84,12,96
12/23/13 0:00,3:00:00 PM,115,11,126
12/23/13 0:00,4:00:00 PM,89,1,90
12/23/13 0:00,5:00:00 PM,80,2,82
12/23/13 0:00,6:00:00 PM,36,1,37
12/23/13 0:00,7:00:00 PM,10,0,10
12/23/13 0:00,8:00:00 PM,9,0,9
12/23/13 0:00,9:00:00 PM,8,0,8
12/23/13 0:00,10:00:00 PM,4,0,4
12/23/13 0:00,11:00:00 PM,0,1,1
12/24/13 0:00,12:00:00 AM,0,0,0
12/24/13 0:00,1:00:00 AM,0,0,0
12/24/13 0:00,2:00:00 AM,0,0,0
12/24/13 0:00,3:00:00 AM,0,0,0
12/24/13 0:00,4:00:00 AM,2,0,2
12/24/13 0:00,5:00:00 AM,31,2,33
12/24/13 0:00,6:00:00 AM,55,0,55
12/24/13 0:00,7:00:00 AM,73,3,76
12/24/13 0:00,8:00:00 AM,104,15,119
12/24/13 0:00,9:00:00 AM,195,9,204
12/24/13 0:00,10:00:00 AM,173,11,184
12/24/13 0:00,11:00:00 AM,143,21,164
12/24/13 0:00,12:00:00 PM,135,11,146
12/24/13 0:00,1:00:00 PM,108,9,117
12/24/13 0:00,2:00:00 PM,115,27,142
12/24/13 0:00,3:00:00 PM,133,12,145
12/24/13 0:00,4:00:00 PM,126,58,184
12/24/13 0:00,5:00:00 PM,69,26,95
12/24/13 0:00,6:00:00 PM,15,0,15
12/24/13 0:00,7:00:00 PM,4,4,8
12/24/13 0:00,8:00:00 PM,7,0,7
12/24/13 0:00,9:00:00 PM,1,0,1
12/24/13 0:00,10:00:00 PM,2,0,2
12/24/13 0:00,11:00:00 PM,0,0,0
12/25/13 0:00,12:00:00 AM,0,0,0
12/25/13 0:00,1:00:00 AM,3,0,3
12/25/13 0:00,2:00:00 AM,0,0,0
12/25/13 0:00,3:00:00 AM,0,0,0
12/25/13 0:00,4:00:00 AM,0,1,1
12/25/13 0:00,5:00:00 AM,26,1,27
12/25/13 0:00,6:00:00 AM,48,3,51
12/25/13 0:00,7:00:00 AM,72,39,111
12/25/13 0:00,8:00:00 AM,141,14,155
12/25/13 0:00,9:00:00 AM,189,29,218
12/25/13 0:00,10:00:00 AM,291,21,312
12/25/13 0:00,11:00:00 AM,250,67,317
12/25/13 0:00,12:00:00 PM,213,38,251
12/25/13 0:00,1:00:00 PM,253,42,295
12/25/13 0:00,2:00:00 PM,241,61,302
12/25/13 0:00,3:00:00 PM,277,40,317
12/25/13 0:00,4:00:00 PM,248,56,304
12/25/13 0:00,5:00:00 PM,227,11,238
12/25/13 0:00,6:00:00 PM,68,0,68
12/25/13 0:00,7:00:00 PM,16,2,18
12/25/13 0:00,8:00:00 PM,4,0,4
12/25/13 0:00,9:00:00 PM,6,0,6
12/25/13 0:00,10:00:00 PM,4,0,4
12/25/13 0:00,11:00:00 PM,2,0,2
12/26/13 0:00,12:00:00 AM,0,0,0
12/26/13 0:00,1:00:00 AM,1,0,1
12/26/13 0:00,2:00:00 AM,0,2,2
12/26/13 0:00,3:00:00 AM,0,0,0
12/26/13 0:00,4:00:00 AM,3,1,4
12/26/13 0:00,5:00:00 AM,22,2,24
12/26/13 0:00,6:00:00 AM,45,0,45
12/26/13 0:00,7:00:00 AM,60,10,70
12/26/13 0:00,8:00:00 AM,95,30,125
12/26/13 0:00,9:00:00 AM,164,22,186
12/26/13 0:00,10:00:00 AM,227,24,251
12/26/13 0:00,11:00:00 AM,223,23,246
12/26/13 0:00,12:00:00 PM,151,27,178
12/26/13 0:00,1:00:00 PM,181,34,215
12/26/13 0:00,2:00:00 PM,146,30,176
12/26/13 0:00,3:00:00 PM,177,14,191
12/26/13 0:00,4:00:00 PM,188,23,211
12/26/13 0:00,5:00:00 PM,124,11,135
12/26/13 0:00,6:00:00 PM,43,5,48
12/26/13 0:00,7:00:00 PM,27,1,28
12/26/13 0:00,8:00:00 PM,15,0,15
12/26/13 0:00,9:00:00 PM,1,0,1
12/26/13 0:00,10:00:00 PM,6,0,6
12/26/13 0:00,11:00:00 PM,1,0,1
12/27/13 0:00,12:00:00 AM,0,109,109
12/27/13 0:00,1:00:00 AM,0,4,4
12/27/13 0:00,2:00:00 AM,0,2,2
12/27/13 0:00,3:00:00 AM,0,0,0
12/27/13 0:00,4:00:00 AM,4,0,4
12/27/13 0:00,5:00:00 AM,31,5,36
12/27/13 0:00,6:00:00 AM,61,7,68
12/27/13 0:00,7:00:00 AM,70,4,74
12/27/13 0:00,8:00:00 AM,138,9,147
12/27/13 0:00,9:00:00 AM,178,18,196
12/27/13 0:00,10:00:00 AM,211,25,236
12/27/13 0:00,11:00:00 AM,188,36,224
12/27/13 0:00,12:00:00 PM,143,20,163
12/27/13 0:00,1:00:00 PM,195,35,230
12/27/13 0:00,2:00:00 PM,171,27,198
12/27/13 0:00,3:00:00 PM,159,23,182
12/27/13 0:00,4:00:00 PM,106,22,128
12/27/13 0:00,5:00:00 PM,93,5,98
12/27/13 0:00,6:00:00 PM,36,5,41
12/27/13 0:00,7:00:00 PM,10,0,10
12/27/13 0:00,8:00:00 PM,2,6,8
12/27/13 0:00,9:00:00 PM,2,0,2
12/27/13 0:00,10:00:00 PM,4,0,4
12/27/13 0:00,11:00:00 PM,3,0,3
12/28/13 0:00,12:00:00 AM,0,6,6
12/28/13 0:00,1:00:00 AM,4,5,9
12/28/13 0:00,2:00:00 AM,0,2,2
12/28/13 0:00,3:00:00 AM,3,0,3
12/28/13 0:00,4:00:00 AM,13,1,14
12/28/13 0:00,5:00:00 AM,53,1,54
12/28/13 0:00,6:00:00 AM,96,6,102
12/28/13 0:00,7:00:00 AM,140,14,154
12/28/13 0:00,8:00:00 AM,216,20,236
12/28/13 0:00,9:00:00 AM,253,58,311
12/28/13 0:00,10:00:00 AM,261,77,338
12/28/13 0:00,11:00:00 AM,319,64,383
12/28/13 0:00,12:00:00 PM,252,72,324
12/28/13 0:00,1:00:00 PM,223,54,277
12/28/13 0:00,2:00:00 PM,232,74,306
12/28/13 0:00,3:00:00 PM,239,37,276
12/28/13 0:00,4:00:00 PM,251,16,267
12/28/13 0:00,5:00:00 PM,199,17,216
12/28/13 0:00,6:00:00 PM,86,2,88
12/28/13 0:00,7:00:00 PM,10,2,12
12/28/13 0:00,8:00:00 PM,5,0,5
12/28/13 0:00,9:00:00 PM,6,0,6
12/28/13 0:00,10:00:00 PM,3,0,3
12/28/13 0:00,11:00:00 PM,5,0,5
12/29/13 0:00,12:00:00 AM,0,0,0
12/29/13 0:00,1:00:00 AM,0,0,0
12/29/13 0:00,2:00:00 AM,0,0,0
12/29/13 0:00,3:00:00 AM,0,0,0
12/29/13 0:00,4:00:00 AM,8,1,9
12/29/13 0:00,5:00:00 AM,35,6,41
12/29/13 0:00,6:00:00 AM,71,5,76
12/29/13 0:00,7:00:00 AM,104,16,120
12/29/13 0:00,8:00:00 AM,178,50,228
12/29/13 0:00,9:00:00 AM,268,40,308
12/29/13 0:00,10:00:00 AM,250,52,302
12/29/13 0:00,11:00:00 AM,262,80,342
12/29/13 0:00,12:00:00 PM,237,40,277
12/29/13 0:00,1:00:00 PM,194,54,248
12/29/13 0:00,2:00:00 PM,212,40,252
12/29/13 0:00,3:00:00 PM,213,46,259
12/29/13 0:00,4:00:00 PM,240,41,281
12/29/13 0:00,5:00:00 PM,189,13,202
12/29/13 0:00,6:00:00 PM,94,1,95
12/29/13 0:00,7:00:00 PM,24,0,24
12/29/13 0:00,8:00:00 PM,4,0,4
12/29/13 0:00,9:00:00 PM,6,4,10
12/29/13 0:00,10:00:00 PM,8,0,8
12/29/13 0:00,11:00:00 PM,11,0,11
12/30/13 0:00,12:00:00 AM,0,0,0
12/30/13 0:00,1:00:00 AM,2,0,2
12/30/13 0:00,2:00:00 AM,0,0,0
12/30/13 0:00,3:00:00 AM,0,0,0
12/30/13 0:00,4:00:00 AM,7,0,7
12/30/13 0:00,5:00:00 AM,40,0,40
12/30/13 0:00,6:00:00 AM,48,4,52
12/30/13 0:00,7:00:00 AM,83,1,84
12/30/13 0:00,8:00:00 AM,142,10,152
12/30/13 0:00,9:00:00 AM,184,10,194
12/30/13 0:00,10:00:00 AM,181,14,195
12/30/13 0:00,11:00:00 AM,206,25,231
12/30/13 0:00,12:00:00 PM,206,11,217
12/30/13 0:00,1:00:00 PM,142,21,163
12/30/13 0:00,2:00:00 PM,165,18,183
12/30/13 0:00,3:00:00 PM,180,14,194
12/30/13 0:00,4:00:00 PM,152,12,164
12/30/13 0:00,5:00:00 PM,144,3,147
12/30/13 0:00,6:00:00 PM,74,5,79
12/30/13 0:00,7:00:00 PM,23,1,24
12/30/13 0:00,8:00:00 PM,12,1,13
12/30/13 0:00,9:00:00 PM,8,3,11
12/30/13 0:00,10:00:00 PM,4,0,4
12/30/13 0:00,11:00:00 PM,2,0,2
12/31/13 0:00,12:00:00 AM,2,0,2
12/31/13 0:00,1:00:00 AM,0,0,0
12/31/13 0:00,2:00:00 AM,0,0,0
12/31/13 0:00,3:00:00 AM,1,0,1
12/31/13 0:00,4:00:00 AM,4,1,5
12/31/13 0:00,5:00:00 AM,37,1,38
12/31/13 0:00,6:00:00 AM,74,1,75
12/31/13 0:00,7:00:00 AM,77,7,84
12/31/13 0:00,8:00:00 AM,161,19,180
12/31/13 0:00,9:00:00 AM,198,30,228
12/31/13 0:00,10:00:00 AM,203,33,236
12/31/13 0:00,11:00:00 AM,239,43,282
12/31/13 0:00,12:00:00 PM,188,36,224
12/31/13 0:00,1:00:00 PM,157,40,197
12/31/13 0:00,2:00:00 PM,137,47,184
12/31/13 0:00,3:00:00 PM,183,35,218
12/31/13 0:00,4:00:00 PM,159,31,190
12/31/13 0:00,5:00:00 PM,109,21,130
12/31/13 0:00,6:00:00 PM,54,7,61
12/31/13 0:00,7:00:00 PM,20,0,20
12/31/13 0:00,8:00:00 PM,4,0,4
12/31/13 0:00,9:00:00 PM,13,3,16
12/31/13 0:00,10:00:00 PM,5,1,6
12/31/13 0:00,11:00:00 PM,2,0,2
1/1/14 0:00,12:00:00 AM,4,0,4
1/1/14 0:00,1:00:00 AM,9,4,13
1/1/14 0:00,2:00:00 AM,0,0,0
1/1/14 0:00,3:00:00 AM,4,0,4
1/1/14 0:00,4:00:00 AM,4,0,4
1/1/14 0:00,5:00:00 AM,88,0,88
1/1/14 0:00,6:00:00 AM,61,9,70
1/1/14 0:00,7:00:00 AM,86,24,110
1/1/14 0:00,8:00:00 AM,197,30,227
1/1/14 0:00,9:00:00 AM,261,28,289
1/1/14 0:00,10:00:00 AM,392,107,499
1/1/14 0:00,11:00:00 AM,387,59,446
1/1/14 0:00,12:00:00 PM,319,86,405
1/1/14 0:00,1:00:00 PM,380,115,495
1/1/14 0:00,2:00:00 PM,389,89,478
1/1/14 0:00,3:00:00 PM,444,92,536
1/1/14 0:00,4:00:00 PM,351,85,436
1/1/14 0:00,5:00:00 PM,333,25,358
1/1/14 0:00,6:00:00 PM,129,2,131
1/1/14 0:00,7:00:00 PM,40,4,44
1/1/14 0:00,8:00:00 PM,9,1,10
1/1/14 0:00,9:00:00 PM,8,0,8
1/1/14 0:00,10:00:00 PM,0,2,2
1/1/14 0:00,11:00:00 PM,0,0,0
1/2/14 0:00,12:00:00 AM,0,0,0
1/2/14 0:00,1:00:00 AM,0,0,0
1/2/14 0:00,2:00:00 AM,0,0,0
1/2/14 0:00,3:00:00 AM,0,0,0
1/2/14 0:00,4:00:00 AM,9,1,10
1/2/14 0:00,5:00:00 AM,36,1,37
1/2/14 0:00,6:00:00 AM,37,6,43
1/2/14 0:00,7:00:00 AM,53,0,53
1/2/14 0:00,8:00:00 AM,126,5,131
1/2/14 0:00,9:00:00 AM,120,12,132
1/2/14 0:00,10:00:00 AM,151,12,163
1/2/14 0:00,11:00:00 AM,171,6,177
1/2/14 0:00,12:00:00 PM,115,17,132
1/2/14 0:00,1:00:00 PM,137,25,162
1/2/14 0:00,2:00:00 PM,136,25,161
1/2/14 0:00,3:00:00 PM,171,15,186
1/2/14 0:00,4:00:00 PM,155,22,177
1/2/14 0:00,5:00:00 PM,138,5,143
1/2/14 0:00,6:00:00 PM,75,17,92
1/2/14 0:00,7:00:00 PM,35,12,47
1/2/14 0:00,8:00:00 PM,16,4,20
1/2/14 0:00,9:00:00 PM,19,1,20
1/2/14 0:00,10:00:00 PM,0,0,0
1/2/14 0:00,11:00:00 PM,0,0,0
1/3/14 0:00,12:00:00 AM,0,0,0
1/3/14 0:00,1:00:00 AM,0,0,0
1/3/14 0:00,2:00:00 AM,3,0,3
1/3/14 0:00,3:00:00 AM,1,0,1
1/3/14 0:00,4:00:00 AM,6,1,7
1/3/14 0:00,5:00:00 AM,53,1,54
1/3/14 0:00,6:00:00 AM,49,3,52
1/3/14 0:00,7:00:00 AM,80,11,91
1/3/14 0:00,8:00:00 AM,110,5,115
1/3/14 0:00,9:00:00 AM,165,15,180
1/3/14 0:00,10:00:00 AM,181,8,189
1/3/14 0:00,11:00:00 AM,174,20,194
1/3/14 0:00,12:00:00 PM,149,20,169
1/3/14 0:00,1:00:00 PM,134,21,155
1/3/14 0:00,2:00:00 PM,168,32,200
1/3/14 0:00,3:00:00 PM,143,23,166
1/3/14 0:00,4:00:00 PM,119,22,141
1/3/14 0:00,5:00:00 PM,126,17,143
1/3/14 0:00,6:00:00 PM,68,2,70
1/3/14 0:00,7:00:00 PM,24,0,24
1/3/14 0:00,8:00:00 PM,12,0,12
1/3/14 0:00,9:00:00 PM,14,0,14
1/3/14 0:00,10:00:00 PM,1,0,1
1/3/14 0:00,11:00:00 PM,0,2,2
1/4/14 0:00,12:00:00 AM,1,2,3
1/4/14 0:00,1:00:00 AM,2,0,2
1/4/14 0:00,2:00:00 AM,0,0,0
1/4/14 0:00,3:00:00 AM,0,0,0
1/4/14 0:00,4:00:00 AM,16,0,16
1/4/14 0:00,5:00:00 AM,78,0,78
1/4/14 0:00,6:00:00 AM,175,13,188
1/4/14 0:00,7:00:00 AM,203,16,219
1/4/14 0:00,8:00:00 AM,299,35,334
1/4/14 0:00,9:00:00 AM,381,74,455
1/4/14 0:00,10:00:00 AM,434,93,527
1/4/14 0:00,11:00:00 AM,409,71,480
1/4/14 0:00,12:00:00 PM,306,55,361
1/4/14 0:00,1:00:00 PM,270,44,314
1/4/14 0:00,2:00:00 PM,266,47,313
1/4/14 0:00,3:00:00 PM,263,40,303
1/4/14 0:00,4:00:00 PM,250,25,275
1/4/14 0:00,5:00:00 PM,174,19,193
1/4/14 0:00,6:00:00 PM,57,2,59
1/4/14 0:00,7:00:00 PM,23,0,23
1/4/14 0:00,8:00:00 PM,7,0,7
1/4/14 0:00,9:00:00 PM,0,0,0
1/4/14 0:00,10:00:00 PM,2,12,14
1/4/14 0:00,11:00:00 PM,0,0,0
1/5/14 0:00,12:00:00 AM,0,0,0
1/5/14 0:00,1:00:00 AM,0,8,8
1/5/14 0:00,2:00:00 AM,0,0,0
1/5/14 0:00,3:00:00 AM,0,0,0
1/5/14 0:00,4:00:00 AM,9,1,10
1/5/14 0:00,5:00:00 AM,45,1,46
1/5/14 0:00,6:00:00 AM,100,8,108
1/5/14 0:00,7:00:00 AM,179,8,187
1/5/14 0:00,8:00:00 AM,279,41,320
1/5/14 0:00,9:00:00 AM,328,54,382
1/5/14 0:00,10:00:00 AM,334,48,382
1/5/14 0:00,11:00:00 AM,344,53,397
1/5/14 0:00,12:00:00 PM,220,52,272
1/5/14 0:00,1:00:00 PM,191,35,226
1/5/14 0:00,2:00:00 PM,205,44,249
1/5/14 0:00,3:00:00 PM,160,30,190
1/5/14 0:00,4:00:00 PM,188,24,212
1/5/14 0:00,5:00:00 PM,179,17,196
1/5/14 0:00,6:00:00 PM,62,1,63
1/5/14 0:00,7:00:00 PM,25,0,25
1/5/14 0:00,8:00:00 PM,6,0,6
1/5/14 0:00,9:00:00 PM,4,0,4
1/5/14 0:00,10:00:00 PM,1,0,1
1/5/14 0:00,11:00:00 PM,0,0,0
1/6/14 0:00,12:00:00 AM,0,0,0
1/6/14 0:00,1:00:00 AM,0,0,0
1/6/14 0:00,2:00:00 AM,0,0,0
1/6/14 0:00,3:00:00 AM,0,0,0
1/6/14 0:00,4:00:00 AM,6,0,6
1/6/14 0:00,5:00:00 AM,23,0,23
1/6/14 0:00,6:00:00 AM,28,1,29
1/6/14 0:00,7:00:00 AM,40,2,42
1/6/14 0:00,8:00:00 AM,65,0,65
1/6/14 0:00,9:00:00 AM,73,4,77
1/6/14 0:00,10:00:00 AM,88,5,93
1/6/14 0:00,12:00:00 PM,60,3,63
1/6/14 0:00,1:00:00 PM,98,6,104
1/6/14 0:00,2:00:00 PM,70,4,74
1/6/14 0:00,3:00:00 PM,82,12,94
1/6/14 0:00,4:00:00 PM,88,1,89
1/6/14 0:00,5:00:00 PM,68,7,75
1/6/14 0:00,6:00:00 PM,37,4,41
1/6/14 0:00,7:00:00 PM,10,4,14
1/6/14 0:00,8:00:00 PM,9,1,10
1/6/14 0:00,9:00:00 PM,6,0,6
1/6/14 0:00,10:00:00 PM,4,0,4
1/6/14 0:00,11:00:00 PM,3,2,5
1/7/14 0:00,12:00:00 AM,0,0,0
1/7/14 0:00,1:00:00 AM,0,0,0
1/7/14 0:00,2:00:00 AM,0,0,0
1/7/14 0:00,3:00:00 AM,0,0,0
1/7/14 0:00,4:00:00 AM,4,1,5
1/7/14 0:00,5:00:00 AM,15,1,16
1/7/14 0:00,6:00:00 AM,40,1,41
1/7/14 0:00,7:00:00 AM,51,0,51
1/7/14 0:00,8:00:00 AM,65,3,68
1/7/14 0:00,9:00:00 AM,76,2,78
1/7/14 0:00,10:00:00 AM,79,0,79
1/7/14 0:00,11:00:00 AM,75,7,82
1/7/14 0:00,12:00:00 PM,73,2,75
1/7/14 0:00,1:00:00 PM,56,5,61
1/7/14 0:00,2:00:00 PM,66,8,74
1/7/14 0:00,3:00:00 PM,76,80,156
1/7/14 0:00,4:00:00 PM,93,6,99
1/7/14 0:00,5:00:00 PM,72,4,76
1/7/14 0:00,6:00:00 PM,45,2,47
1/7/14 0:00,7:00:00 PM,37,0,37
1/7/14 0:00,8:00:00 PM,11,0,11
1/7/14 0:00,9:00:00 PM,4,0,4
1/7/14 0:00,10:00:00 PM,3,0,3
1/7/14 0:00,11:00:00 PM,1,0,1
1/8/14 0:00,12:00:00 AM,5,0,5
1/8/14 0:00,1:00:00 AM,0,0,0
1/8/14 0:00,2:00:00 AM,0,0,0
1/8/14 0:00,3:00:00 AM,0,0,0
1/8/14 0:00,4:00:00 AM,5,1,6
1/8/14 0:00,5:00:00 AM,12,0,12
1/8/14 0:00,6:00:00 AM,30,0,30
1/8/14 0:00,7:00:00 AM,36,2,38
1/8/14 0:00,8:00:00 AM,44,0,44
1/8/14 0:00,9:00:00 AM,59,0,59
1/8/14 0:00,10:00:00 AM,63,1,64
1/8/14 0:00,11:00:00 AM,68,0,68
1/8/14 0:00,12:00:00 PM,69,5,74
1/8/14 0:00,1:00:00 PM,48,27,75
1/8/14 0:00,2:00:00 PM,51,34,85
1/8/14 0:00,3:00:00 PM,73,21,94
1/8/14 0:00,4:00:00 PM,76,39,115
1/8/14 0:00,5:00:00 PM,63,3,66
1/8/14 0:00,6:00:00 PM,36,1,37
1/8/14 0:00,7:00:00 PM,25,0,25
1/8/14 0:00,8:00:00 PM,12,0,12
1/8/14 0:00,9:00:00 PM,14,0,14
1/8/14 0:00,10:00:00 PM,2,0,2
1/8/14 0:00,11:00:00 PM,1,0,1
1/9/14 0:00,12:00:00 AM,0,0,0
1/9/14 0:00,1:00:00 AM,0,2,2
1/9/14 0:00,2:00:00 AM,0,0,0
1/9/14 0:00,3:00:00 AM,0,0,0
1/9/14 0:00,4:00:00 AM,4,1,5
1/9/14 0:00,5:00:00 AM,21,1,22
1/9/14 0:00,6:00:00 AM,24,1,25
1/9/14 0:00,7:00:00 AM,38,1,39
1/9/14 0:00,8:00:00 AM,43,1,44
1/9/14 0:00,9:00:00 AM,59,15,74
1/9/14 0:00,10:00:00 AM,58,4,62
1/9/14 0:00,11:00:00 AM,70,10,80
1/9/14 0:00,12:00:00 PM,77,12,89
1/9/14 0:00,1:00:00 PM,68,4,72
1/9/14 0:00,2:00:00 PM,66,0,66
1/9/14 0:00,3:00:00 PM,67,6,73
1/9/14 0:00,4:00:00 PM,85,8,93
1/9/14 0:00,5:00:00 PM,80,7,87
1/9/14 0:00,6:00:00 PM,39,3,42
1/9/14 0:00,7:00:00 PM,36,4,40
1/9/14 0:00,8:00:00 PM,12,1,13
1/9/14 0:00,9:00:00 PM,8,0,8
1/9/14 0:00,10:00:00 PM,1,0,1
1/9/14 0:00,11:00:00 PM,3,0,3
1/10/14 0:00,12:00:00 AM,1,0,1
1/10/14 0:00,1:00:00 AM,0,0,0
1/10/14 0:00,2:00:00 AM,0,0,0
1/10/14 0:00,3:00:00 AM,0,0,0
1/10/14 0:00,4:00:00 AM,5,0,5
1/10/14 0:00,5:00:00 AM,25,0,25
1/10/14 0:00,6:00:00 AM,37,4,41
1/10/14 0:00,7:00:00 AM,37,3,40
1/10/14 0:00,8:00:00 AM,59,6,65
1/10/14 0:00,9:00:00 AM,106,13,119
1/10/14 0:00,10:00:00 AM,105,10,115
1/10/14 0:00,11:00:00 AM,83,18,101
1/10/14 0:00,12:00:00 PM,86,5,91
1/10/14 0:00,1:00:00 PM,84,6,90
1/10/14 0:00,2:00:00 PM,82,7,89
1/10/14 0:00,3:00:00 PM,72,12,84
1/10/14 0:00,4:00:00 PM,79,3,82
1/10/14 0:00,5:00:00 PM,84,2,86
1/10/14 0:00,6:00:00 PM,33,5,38
1/10/14 0:00,7:00:00 PM,8,0,8
1/10/14 0:00,8:00:00 PM,7,0,7
1/10/14 0:00,9:00:00 PM,4,0,4
1/10/14 0:00,10:00:00 PM,1,0,1
1/10/14 0:00,11:00:00 PM,2,0,2
1/11/14 0:00,12:00:00 AM,1,0,1
1/11/14 0:00,1:00:00 AM,0,0,0
1/11/14 0:00,2:00:00 AM,0,0,0
1/11/14 0:00,3:00:00 AM,3,0,3
1/11/14 0:00,4:00:00 AM,10,1,11
1/11/14 0:00,5:00:00 AM,68,1,69
1/11/14 0:00,6:00:00 AM,146,8,154
1/11/14 0:00,7:00:00 AM,209,6,215
1/11/14 0:00,8:00:00 AM,274,28,302
1/11/14 0:00,9:00:00 AM,290,51,341
1/11/14 0:00,10:00:00 AM,286,50,336
1/11/14 0:00,11:00:00 AM,258,49,307
1/11/14 0:00,12:00:00 PM,200,37,237
1/11/14 0:00,1:00:00 PM,215,22,237
1/11/14 0:00,2:00:00 PM,190,35,225
1/11/14 0:00,3:00:00 PM,192,17,209
1/11/14 0:00,4:00:00 PM,142,14,156
1/11/14 0:00,5:00:00 PM,83,6,89
1/11/14 0:00,6:00:00 PM,37,1,38
1/11/14 0:00,7:00:00 PM,24,0,24
1/11/14 0:00,8:00:00 PM,9,0,9
1/11/14 0:00,9:00:00 PM,12,0,12
1/11/14 0:00,10:00:00 PM,0,0,0
1/11/14 0:00,11:00:00 PM,1,0,1
1/12/14 0:00,12:00:00 AM,0,0,0
1/12/14 0:00,1:00:00 AM,0,0,0
1/12/14 0:00,2:00:00 AM,0,0,0
1/12/14 0:00,3:00:00 AM,0,0,0
1/12/14 0:00,4:00:00 AM,8,1,9
1/12/14 0:00,5:00:00 AM,70,1,71
1/12/14 0:00,6:00:00 AM,85,11,96
1/12/14 0:00,7:00:00 AM,157,13,170
1/12/14 0:00,8:00:00 AM,231,23,254
1/12/14 0:00,9:00:00 AM,264,40,304
1/12/14 0:00,10:00:00 AM,271,44,315
1/12/14 0:00,11:00:00 AM,215,41,256
1/12/14 0:00,12:00:00 PM,179,35,214
1/12/14 0:00,1:00:00 PM,160,33,193
1/12/14 0:00,2:00:00 PM,211,28,239
1/12/14 0:00,3:00:00 PM,189,59,248
1/12/14 0:00,4:00:00 PM,235,32,267
1/12/14 0:00,5:00:00 PM,180,15,195
1/12/14 0:00,6:00:00 PM,74,0,74
1/12/14 0:00,7:00:00 PM,17,0,17
1/12/14 0:00,8:00:00 PM,11,0,11
1/12/14 0:00,9:00:00 PM,2,0,2
1/12/14 0:00,10:00:00 PM,2,0,2
1/12/14 0:00,11:00:00 PM,0,0,0
1/13/14 0:00,12:00:00 AM,1,0,1
1/13/14 0:00,1:00:00 AM,2,0,2
1/13/14 0:00,2:00:00 AM,1,0,1
1/13/14 0:00,3:00:00 AM,0,0,0
1/13/14 0:00,4:00:00 AM,2,0,2
1/13/14 0:00,5:00:00 AM,4,1,5
1/13/14 0:00,6:00:00 AM,24,1,25
1/13/14 0:00,7:00:00 AM,41,2,43
1/13/14 0:00,8:00:00 AM,61,6,67
1/13/14 0:00,9:00:00 AM,92,3,95
1/13/14 0:00,10:00:00 AM,71,2,73
1/13/14 0:00,11:00:00 AM,93,5,98
1/13/14 0:00,12:00:00 PM,90,11,101
1/13/14 0:00,1:00:00 PM,92,6,98
1/13/14 0:00,2:00:00 PM,68,8,76
1/13/14 0:00,3:00:00 PM,71,7,78
1/13/14 0:00,4:00:00 PM,93,9,102
1/13/14 0:00,5:00:00 PM,87,4,91
1/13/14 0:00,6:00:00 PM,54,0,54
1/13/14 0:00,7:00:00 PM,25,4,29
1/13/14 0:00,8:00:00 PM,15,0,15
1/13/14 0:00,9:00:00 PM,8,0,8
1/13/14 0:00,10:00:00 PM,5,0,5
1/13/14 0:00,11:00:00 PM,3,0,3
1/14/14 0:00,12:00:00 AM,3,0,3
1/14/14 0:00,1:00:00 AM,0,0,0
1/14/14 0:00,2:00:00 AM,0,0,0
1/14/14 0:00,3:00:00 AM,0,0,0
1/14/14 0:00,4:00:00 AM,9,1,10
1/14/14 0:00,5:00:00 AM,23,1,24
1/14/14 0:00,6:00:00 AM,30,1,31
1/14/14 0:00,7:00:00 AM,58,1,59
1/14/14 0:00,8:00:00 AM,68,2,70
1/14/14 0:00,9:00:00 AM,117,1,118
1/14/14 0:00,10:00:00 AM,93,3,96
1/14/14 0:00,11:00:00 AM,71,3,74
1/14/14 0:00,12:00:00 PM,91,6,97
1/14/14 0:00,1:00:00 PM,73,4,77
1/14/14 0:00,2:00:00 PM,46,6,52
1/14/14 0:00,3:00:00 PM,64,7,71
1/14/14 0:00,4:00:00 PM,76,7,83
1/14/14 0:00,5:00:00 PM,66,6,72
1/14/14 0:00,6:00:00 PM,53,5,58
1/14/14 0:00,7:00:00 PM,31,1,32
1/14/14 0:00,8:00:00 PM,20,1,21
1/14/14 0:00,9:00:00 PM,15,0,15
1/14/14 0:00,10:00:00 PM,5,0,5
1/14/14 0:00,11:00:00 PM,3,0,3
1/15/14 0:00,12:00:00 AM,0,0,0
1/15/14 0:00,1:00:00 AM,0,0,0
1/15/14 0:00,2:00:00 AM,0,0,0
1/15/14 0:00,3:00:00 AM,0,0,0
1/15/14 0:00,4:00:00 AM,13,1,14
1/15/14 0:00,5:00:00 AM,20,1,21
1/15/14 0:00,6:00:00 AM,40,2,42
1/15/14 0:00,7:00:00 AM,59,2,61
1/15/14 0:00,8:00:00 AM,79,6,85
1/15/14 0:00,9:00:00 AM,123,3,126
1/15/14 0:00,10:00:00 AM,133,12,145
1/15/14 0:00,11:00:00 AM,103,7,110
1/15/14 0:00,12:00:00 PM,84,3,87
1/15/14 0:00,1:00:00 PM,82,5,87
1/15/14 0:00,2:00:00 PM,81,3,84
1/15/14 0:00,3:00:00 PM,70,2,72
1/15/14 0:00,4:00:00 PM,103,5,108
1/15/14 0:00,5:00:00 PM,92,10,102
1/15/14 0:00,6:00:00 PM,78,4,82
1/15/14 0:00,7:00:00 PM,44,4,48
1/15/14 0:00,8:00:00 PM,20,0,20
1/15/14 0:00,9:00:00 PM,14,0,14
1/15/14 0:00,10:00:00 PM,0,0,0
1/15/14 0:00,11:00:00 PM,3,0,3
1/16/14 0:00,12:00:00 AM,0,0,0
1/16/14 0:00,1:00:00 AM,0,0,0
1/16/14 0:00,2:00:00 AM,0,0,0
1/16/14 0:00,3:00:00 AM,0,0,0
1/16/14 0:00,4:00:00 AM,3,1,4
1/16/14 0:00,5:00:00 AM,24,3,27
1/16/14 0:00,6:00:00 AM,37,1,38
1/16/14 0:00,7:00:00 AM,57,4,61
1/16/14 0:00,8:00:00 AM,77,3,80
1/16/14 0:00,9:00:00 AM,74,3,77
1/16/14 0:00,10:00:00 AM,96,4,100
1/16/14 0:00,11:00:00 AM,79,6,85
1/16/14 0:00,12:00:00 PM,88,3,91
1/16/14 0:00,1:00:00 PM,63,3,66
1/16/14 0:00,2:00:00 PM,58,7,65
1/16/14 0:00,3:00:00 PM,64,4,68
1/16/14 0:00,4:00:00 PM,78,6,84
1/16/14 0:00,5:00:00 PM,94,4,98
1/16/14 0:00,6:00:00 PM,55,1,56
1/16/14 0:00,7:00:00 PM,37,8,45
1/16/14 0:00,8:00:00 PM,20,5,25
1/16/14 0:00,9:00:00 PM,12,0,12
1/16/14 0:00,10:00:00 PM,10,0,10
1/16/14 0:00,11:00:00 PM,5,2,7
1/17/14 0:00,12:00:00 AM,1,0,1
1/17/14 0:00,1:00:00 AM,1,0,1
1/17/14 0:00,2:00:00 AM,0,0,0
1/17/14 0:00,3:00:00 AM,1,0,1
1/17/14 0:00,4:00:00 AM,9,0,9
1/17/14 0:00,5:00:00 AM,35,0,35
1/17/14 0:00,6:00:00 AM,58,3,61
1/17/14 0:00,7:00:00 AM,52,0,52
1/17/14 0:00,8:00:00 AM,93,5,98
1/17/14 0:00,9:00:00 AM,124,9,133
1/17/14 0:00,10:00:00 AM,129,9,138
1/17/14 0:00,11:00:00 AM,134,16,150
1/17/14 0:00,12:00:00 PM,97,5,102
1/17/14 0:00,1:00:00 PM,81,21,102
1/17/14 0:00,2:00:00 PM,79,5,84
1/17/14 0:00,3:00:00 PM,65,27,92
1/17/14 0:00,4:00:00 PM,86,13,99
1/17/14 0:00,5:00:00 PM,105,10,115
1/17/14 0:00,6:00:00 PM,57,0,57
1/17/14 0:00,7:00:00 PM,25,0,25
1/17/14 0:00,8:00:00 PM,24,0,24
1/17/14 0:00,9:00:00 PM,19,0,19
1/17/14 0:00,10:00:00 PM,2,0,2
1/17/14 0:00,11:00:00 PM,2,0,2
1/18/14 0:00,12:00:00 AM,5,0,5
1/18/14 0:00,1:00:00 AM,0,0,0
1/18/14 0:00,2:00:00 AM,5,2,7
1/18/14 0:00,3:00:00 AM,0,0,0
1/18/14 0:00,4:00:00 AM,17,2,19
1/18/14 0:00,5:00:00 AM,73,4,77
1/18/14 0:00,6:00:00 AM,145,3,148
1/18/14 0:00,7:00:00 AM,264,28,292
1/18/14 0:00,8:00:00 AM,291,29,320
1/18/14 0:00,9:00:00 AM,394,61,455
1/18/14 0:00,10:00:00 AM,430,97,527
1/18/14 0:00,11:00:00 AM,384,105,489
1/18/14 0:00,12:00:00 PM,363,90,453
1/18/14 0:00,1:00:00 PM,330,56,386
1/18/14 0:00,2:00:00 PM,259,54,313
1/18/14 0:00,3:00:00 PM,242,23,265
1/18/14 0:00,4:00:00 PM,235,33,268
1/18/14 0:00,5:00:00 PM,237,13,250
1/18/14 0:00,6:00:00 PM,129,13,142
1/18/14 0:00,7:00:00 PM,51,0,51
1/18/14 0:00,8:00:00 PM,24,4,28
1/18/14 0:00,9:00:00 PM,9,1,10
1/18/14 0:00,10:00:00 PM,5,0,5
1/18/14 0:00,11:00:00 PM,3,0,3
1/19/14 0:00,12:00:00 AM,0,0,0
1/19/14 0:00,1:00:00 AM,3,0,3
1/19/14 0:00,2:00:00 AM,2,0,2
1/19/14 0:00,3:00:00 AM,1,0,1
1/19/14 0:00,4:00:00 AM,11,0,11
1/19/14 0:00,5:00:00 AM,74,1,75
1/19/14 0:00,6:00:00 AM,115,11,126
1/19/14 0:00,7:00:00 AM,223,28,251
1/19/14 0:00,8:00:00 AM,281,29,310
1/19/14 0:00,9:00:00 AM,346,68,414
1/19/14 0:00,10:00:00 AM,366,67,433
1/19/14 0:00,11:00:00 AM,341,56,397
1/19/14 0:00,12:00:00 PM,278,59,337
1/19/14 0:00,1:00:00 PM,247,37,284
1/19/14 0:00,2:00:00 PM,183,23,206
1/19/14 0:00,3:00:00 PM,157,35,192
1/19/14 0:00,4:00:00 PM,182,63,245
1/19/14 0:00,5:00:00 PM,134,16,150
1/19/14 0:00,6:00:00 PM,71,9,80
1/19/14 0:00,7:00:00 PM,24,0,24
1/19/14 0:00,8:00:00 PM,15,0,15
1/19/14 0:00,9:00:00 PM,7,0,7
1/19/14 0:00,10:00:00 PM,2,0,2
1/19/14 0:00,11:00:00 PM,4,2,6
1/20/14 0:00,12:00:00 AM,2,0,2
1/20/14 0:00,1:00:00 AM,0,0,0
1/20/14 0:00,2:00:00 AM,0,1,1
1/20/14 0:00,3:00:00 AM,1,0,1
1/20/14 0:00,4:00:00 AM,12,1,13
1/20/14 0:00,5:00:00 AM,54,2,56
1/20/14 0:00,6:00:00 AM,67,7,74
1/20/14 0:00,7:00:00 AM,120,21,141
1/20/14 0:00,8:00:00 AM,155,66,221
1/20/14 0:00,9:00:00 AM,275,61,336
1/20/14 0:00,10:00:00 AM,344,49,393
1/20/14 0:00,11:00:00 AM,312,63,375
1/20/14 0:00,12:00:00 PM,289,56,345
1/20/14 0:00,1:00:00 PM,325,51,376
1/20/14 0:00,2:00:00 PM,231,26,257
1/20/14 0:00,3:00:00 PM,228,43,271
1/20/14 0:00,4:00:00 PM,217,33,250
1/20/14 0:00,5:00:00 PM,214,7,221
1/20/14 0:00,6:00:00 PM,138,2,140
1/20/14 0:00,7:00:00 PM,34,1,35
1/20/14 0:00,8:00:00 PM,15,0,15
1/20/14 0:00,9:00:00 PM,8,0,8
1/20/14 0:00,10:00:00 PM,1,0,1
1/20/14 0:00,11:00:00 PM,1,0,1
1/21/14 0:00,12:00:00 AM,0,0,0
1/21/14 0:00,1:00:00 AM,0,0,0
1/21/14 0:00,2:00:00 AM,0,0,0
1/21/14 0:00,3:00:00 AM,1,0,1
1/21/14 0:00,4:00:00 AM,7,1,8
1/21/14 0:00,5:00:00 AM,15,1,16
1/21/14 0:00,6:00:00 AM,28,2,30
1/21/14 0:00,7:00:00 AM,44,12,56
1/21/14 0:00,8:00:00 AM,76,2,78
1/21/14 0:00,9:00:00 AM,77,3,80
1/21/14 0:00,10:00:00 AM,104,6,110
1/21/14 0:00,11:00:00 AM,105,7,112
1/21/14 0:00,12:00:00 PM,90,14,104
1/21/14 0:00,1:00:00 PM,59,8,67
1/21/14 0:00,2:00:00 PM,41,0,41
1/21/14 0:00,3:00:00 PM,81,10,91
1/21/14 0:00,4:00:00 PM,70,6,76
1/21/14 0:00,5:00:00 PM,72,6,78
1/21/14 0:00,6:00:00 PM,57,1,58
1/21/14 0:00,7:00:00 PM,33,0,33
1/21/14 0:00,8:00:00 PM,21,0,21
1/21/14 0:00,9:00:00 PM,11,0,11
1/21/14 0:00,10:00:00 PM,0,0,0
1/21/14 0:00,11:00:00 PM,1,0,1
1/22/14 0:00,12:00:00 AM,0,0,0
1/22/14 0:00,1:00:00 AM,0,0,0
1/22/14 0:00,2:00:00 AM,0,0,0
1/22/14 0:00,3:00:00 AM,0,0,0
1/22/14 0:00,4:00:00 AM,11,1,12
1/22/14 0:00,5:00:00 AM,18,1,19
1/22/14 0:00,6:00:00 AM,49,0,49
1/22/14 0:00,7:00:00 AM,53,0,53
1/22/14 0:00,9:00:00 AM,100,1,101
1/22/14 0:00,10:00:00 AM,105,11,116
1/22/14 0:00,11:00:00 AM,117,6,123
1/22/14 0:00,12:00:00 PM,91,4,95
1/22/14 0:00,1:00:00 PM,89,49,138
1/22/14 0:00,2:00:00 PM,76,30,106
1/22/14 0:00,3:00:00 PM,56,6,62
1/22/14 0:00,4:00:00 PM,91,4,95
1/22/14 0:00,5:00:00 PM,81,6,87
1/22/14 0:00,6:00:00 PM,80,12,92
1/22/14 0:00,7:00:00 PM,44,1,45
1/22/14 0:00,8:00:00 PM,23,1,24
1/22/14 0:00,9:00:00 PM,17,0,17
1/22/14 0:00,10:00:00 PM,2,0,2
1/22/14 0:00,11:00:00 PM,0,0,0
1/23/14 0:00,12:00:00 AM,6,0,6
1/23/14 0:00,1:00:00 AM,0,0,0
1/23/14 0:00,2:00:00 AM,0,0,0
1/23/14 0:00,3:00:00 AM,1,0,1
1/23/14 0:00,4:00:00 AM,6,1,7
1/23/14 0:00,5:00:00 AM,29,2,31
1/23/14 0:00,6:00:00 AM,35,0,35
1/23/14 0:00,7:00:00 AM,46,4,50
1/23/14 0:00,8:00:00 AM,94,2,96
1/23/14 0:00,9:00:00 AM,77,2,79
1/23/14 0:00,10:00:00 AM,88,7,95
1/23/14 0:00,11:00:00 AM,75,5,80
1/23/14 0:00,12:00:00 PM,76,4,80
1/23/14 0:00,1:00:00 PM,69,9,78
1/23/14 0:00,2:00:00 PM,35,1,36
1/23/14 0:00,3:00:00 PM,57,7,64
1/23/14 0:00,4:00:00 PM,93,4,97
1/23/14 0:00,5:00:00 PM,67,3,70
1/23/14 0:00,6:00:00 PM,57,1,58
1/23/14 0:00,7:00:00 PM,35,5,40
1/23/14 0:00,8:00:00 PM,23,1,24
1/23/14 0:00,9:00:00 PM,16,0,16
1/23/14 0:00,10:00:00 PM,3,0,3
1/23/14 0:00,11:00:00 PM,1,0,1
1/24/14 0:00,12:00:00 AM,0,0,0
1/24/14 0:00,1:00:00 AM,0,0,0
1/24/14 0:00,2:00:00 AM,0,0,0
1/24/14 0:00,3:00:00 AM,1,0,1
1/24/14 0:00,4:00:00 AM,10,0,10
1/24/14 0:00,5:00:00 AM,22,0,22
1/24/14 0:00,6:00:00 AM,58,0,58
1/24/14 0:00,7:00:00 AM,49,5,54
1/24/14 0:00,8:00:00 AM,89,7,96
1/24/14 0:00,9:00:00 AM,105,2,107
1/24/14 0:00,10:00:00 AM,98,5,103
1/24/14 0:00,11:00:00 AM,95,7,102
1/24/14 0:00,12:00:00 PM,95,5,100
1/24/14 0:00,1:00:00 PM,76,6,82
1/24/14 0:00,2:00:00 PM,64,14,78
1/24/14 0:00,3:00:00 PM,65,6,71
1/24/14 0:00,4:00:00 PM,98,16,114
1/24/14 0:00,5:00:00 PM,95,46,141
1/24/14 0:00,6:00:00 PM,60,3,63
1/24/14 0:00,7:00:00 PM,14,3,17
1/24/14 0:00,8:00:00 PM,17,0,17
1/24/14 0:00,9:00:00 PM,11,0,11
1/24/14 0:00,10:00:00 PM,3,0,3
1/24/14 0:00,11:00:00 PM,7,0,7
1/25/14 0:00,12:00:00 AM,4,0,4
1/25/14 0:00,1:00:00 AM,3,0,3
1/25/14 0:00,2:00:00 AM,1,0,1
1/25/14 0:00,3:00:00 AM,0,0,0
1/25/14 0:00,4:00:00 AM,18,1,19
1/25/14 0:00,5:00:00 AM,120,4,124
1/25/14 0:00,6:00:00 AM,155,7,162
1/25/14 0:00,7:00:00 AM,245,29,274
1/25/14 0:00,8:00:00 AM,360,33,393
1/25/14 0:00,9:00:00 AM,389,72,461
1/25/14 0:00,10:00:00 AM,375,84,459
1/25/14 0:00,11:00:00 AM,358,77,435
1/25/14 0:00,12:00:00 PM,323,85,408
1/25/14 0:00,1:00:00 PM,296,67,363
1/25/14 0:00,2:00:00 PM,239,46,285
1/25/14 0:00,3:00:00 PM,267,67,334
1/25/14 0:00,4:00:00 PM,238,106,344
1/25/14 0:00,5:00:00 PM,184,115,299
1/25/14 0:00,6:00:00 PM,110,3,113
1/25/14 0:00,7:00:00 PM,43,5,48
1/25/14 0:00,8:00:00 PM,16,0,16
1/25/14 0:00,9:00:00 PM,11,0,11
1/25/14 0:00,10:00:00 PM,14,0,14
1/25/14 0:00,11:00:00 PM,2,0,2
1/26/14 0:00,12:00:00 AM,6,4,10
1/26/14 0:00,1:00:00 AM,0,0,0
1/26/14 0:00,2:00:00 AM,0,0,0
1/26/14 0:00,3:00:00 AM,0,0,0
1/26/14 0:00,4:00:00 AM,19,1,20
1/26/14 0:00,5:00:00 AM,74,1,75
1/26/14 0:00,6:00:00 AM,134,3,137
1/26/14 0:00,7:00:00 AM,240,23,263
1/26/14 0:00,8:00:00 AM,281,52,333
1/26/14 0:00,9:00:00 AM,359,94,453
1/26/14 0:00,10:00:00 AM,374,103,477
1/26/14 0:00,11:00:00 AM,378,68,446
1/26/14 0:00,12:00:00 PM,352,77,429
1/26/14 0:00,1:00:00 PM,288,69,357
1/26/14 0:00,2:00:00 PM,274,61,335
1/26/14 0:00,3:00:00 PM,211,42,253
1/26/14 0:00,4:00:00 PM,247,47,294
1/26/14 0:00,5:00:00 PM,210,45,255
1/26/14 0:00,6:00:00 PM,147,5,152
1/26/14 0:00,7:00:00 PM,51,3,54
1/26/14 0:00,8:00:00 PM,16,0,16
1/26/14 0:00,9:00:00 PM,6,0,6
1/26/14 0:00,10:00:00 PM,5,2,7
1/26/14 0:00,11:00:00 PM,0,0,0
1/27/14 0:00,12:00:00 AM,4,0,4
1/27/14 0:00,1:00:00 AM,0,0,0
1/27/14 0:00,2:00:00 AM,0,0,0
1/27/14 0:00,3:00:00 AM,0,0,0
1/27/14 0:00,4:00:00 AM,7,1,8
1/27/14 0:00,5:00:00 AM,18,1,19
1/27/14 0:00,6:00:00 AM,26,1,27
1/27/14 0:00,7:00:00 AM,39,3,42
1/27/14 0:00,8:00:00 AM,77,10,87
1/27/14 0:00,9:00:00 AM,71,14,85
1/27/14 0:00,10:00:00 AM,56,8,64
1/27/14 0:00,11:00:00 AM,59,4,63
1/27/14 0:00,12:00:00 PM,75,2,77
1/27/14 0:00,1:00:00 PM,51,0,51
1/27/14 0:00,2:00:00 PM,57,26,83
1/27/14 0:00,3:00:00 PM,56,4,60
1/27/14 0:00,4:00:00 PM,73,58,131
1/27/14 0:00,5:00:00 PM,44,8,52
1/27/14 0:00,6:00:00 PM,32,0,32
1/27/14 0:00,7:00:00 PM,19,0,19
1/27/14 0:00,8:00:00 PM,10,0,10
1/27/14 0:00,9:00:00 PM,1,0,1
1/27/14 0:00,10:00:00 PM,4,4,8
1/27/14 0:00,11:00:00 PM,0,3,3
1/28/14 0:00,12:00:00 AM,4,0,4
1/28/14 0:00,1:00:00 AM,2,0,2
1/28/14 0:00,2:00:00 AM,3,0,3
1/28/14 0:00,3:00:00 AM,2,0,2
1/28/14 0:00,4:00:00 AM,1,1,2
1/28/14 0:00,5:00:00 AM,23,1,24
1/28/14 0:00,6:00:00 AM,27,2,29
1/28/14 0:00,7:00:00 AM,38,0,38
1/28/14 0:00,8:00:00 AM,53,1,54
1/28/14 0:00,9:00:00 AM,74,3,77
1/28/14 0:00,10:00:00 AM,35,6,41
1/28/14 0:00,11:00:00 AM,56,47,103
1/28/14 0:00,12:00:00 PM,70,3,73
1/28/14 0:00,1:00:00 PM,67,3,70
1/28/14 0:00,2:00:00 PM,35,6,41
1/28/14 0:00,3:00:00 PM,62,7,69
1/28/14 0:00,4:00:00 PM,55,9,64
1/28/14 0:00,5:00:00 PM,69,8,77
1/28/14 0:00,6:00:00 PM,59,0,59
1/28/14 0:00,7:00:00 PM,24,2,26
1/28/14 0:00,8:00:00 PM,26,19,45
1/28/14 0:00,9:00:00 PM,10,129,139
1/28/14 0:00,10:00:00 PM,8,2,10
1/28/14 0:00,11:00:00 PM,0,0,0
1/29/14 0:00,12:00:00 AM,0,0,0
1/29/14 0:00,1:00:00 AM,0,2,2
1/29/14 0:00,2:00:00 AM,0,0,0
1/29/14 0:00,3:00:00 AM,0,0,0
1/29/14 0:00,4:00:00 AM,6,1,7
1/29/14 0:00,5:00:00 AM,19,1,20
1/29/14 0:00,6:00:00 AM,30,2,32
1/29/14 0:00,7:00:00 AM,32,0,32
1/29/14 0:00,8:00:00 AM,53,0,53
1/29/14 0:00,9:00:00 AM,51,78,129
1/29/14 0:00,10:00:00 AM,39,2,41
1/29/14 0:00,11:00:00 AM,47,2,49
1/29/14 0:00,12:00:00 PM,43,9,52
1/29/14 0:00,1:00:00 PM,36,3,39
1/29/14 0:00,2:00:00 PM,54,5,59
1/29/14 0:00,3:00:00 PM,62,40,102
1/29/14 0:00,4:00:00 PM,48,3,51
1/29/14 0:00,5:00:00 PM,71,0,71
1/29/14 0:00,6:00:00 PM,48,9,57
1/29/14 0:00,7:00:00 PM,24,2,26
1/29/14 0:00,8:00:00 PM,8,0,8
1/29/14 0:00,9:00:00 PM,3,0,3
1/29/14 0:00,10:00:00 PM,8,0,8
1/29/14 0:00,11:00:00 PM,0,0,0
1/30/14 0:00,12:00:00 AM,2,0,2
1/30/14 0:00,1:00:00 AM,4,0,4
1/30/14 0:00,2:00:00 AM,0,0,0
1/30/14 0:00,3:00:00 AM,2,0,2
1/30/14 0:00,4:00:00 AM,0,0,0
1/30/14 0:00,5:00:00 AM,8,0,8
1/30/14 0:00,6:00:00 AM,7,0,7
1/30/14 0:00,7:00:00 AM,10,0,10
1/30/14 0:00,8:00:00 AM,25,1,26
1/30/14 0:00,9:00:00 AM,37,1,38
1/30/14 0:00,10:00:00 AM,31,6,37
1/30/14 0:00,11:00:00 AM,38,2,40
1/30/14 0:00,12:00:00 PM,46,2,48
1/30/14 0:00,1:00:00 PM,45,9,54
1/30/14 0:00,2:00:00 PM,43,3,46
1/30/14 0:00,3:00:00 PM,36,1,37
1/30/14 0:00,4:00:00 PM,52,1,53
1/30/14 0:00,5:00:00 PM,52,0,52
1/30/14 0:00,6:00:00 PM,49,1,50
1/30/14 0:00,7:00:00 PM,18,0,18
1/30/14 0:00,8:00:00 PM,19,0,19
1/30/14 0:00,9:00:00 PM,12,0,12
1/30/14 0:00,10:00:00 PM,2,0,2
1/30/14 0:00,11:00:00 PM,1,0,1
1/31/14 0:00,12:00:00 AM,0,0,0
1/31/14 0:00,1:00:00 AM,0,0,0
1/31/14 0:00,2:00:00 AM,0,1,1
1/31/14 0:00,3:00:00 AM,0,0,0
1/31/14 0:00,4:00:00 AM,5,1,6
1/31/14 0:00,5:00:00 AM,18,1,19
1/31/14 0:00,6:00:00 AM,42,3,45
1/31/14 0:00,7:00:00 AM,58,1,59
1/31/14 0:00,8:00:00 AM,88,3,91
1/31/14 0:00,9:00:00 AM,81,8,89
1/31/14 0:00,10:00:00 AM,105,6,111
1/31/14 0:00,11:00:00 AM,120,12,132
1/31/14 0:00,12:00:00 PM,77,3,80
1/31/14 0:00,1:00:00 PM,66,7,73
1/31/14 0:00,2:00:00 PM,66,3,69
1/31/14 0:00,3:00:00 PM,71,2,73
1/31/14 0:00,4:00:00 PM,98,4,102
1/31/14 0:00,5:00:00 PM,87,5,92
1/31/14 0:00,6:00:00 PM,64,4,68
1/31/14 0:00,7:00:00 PM,27,0,27
1/31/14 0:00,8:00:00 PM,15,0,15
1/31/14 0:00,9:00:00 PM,5,0,5
1/31/14 0:00,10:00:00 PM,4,0,4
1/31/14 0:00,11:00:00 PM,1,0,1
2/1/14 0:00,12:00:00 AM,3,0,3
2/1/14 0:00,1:00:00 AM,2,0,2
2/1/14 0:00,2:00:00 AM,0,0,0
2/1/14 0:00,3:00:00 AM,0,0,0
2/1/14 0:00,4:00:00 AM,9,0,9
2/1/14 0:00,5:00:00 AM,94,0,94
2/1/14 0:00,6:00:00 AM,204,5,209
2/1/14 0:00,7:00:00 AM,269,21,290
2/1/14 0:00,8:00:00 AM,301,33,334
2/1/14 0:00,9:00:00 AM,398,74,472
2/1/14 0:00,10:00:00 AM,373,88,461
2/1/14 0:00,11:00:00 AM,352,104,456
2/1/14 0:00,12:00:00 PM,273,52,325
2/1/14 0:00,1:00:00 PM,280,53,333
2/1/14 0:00,2:00:00 PM,233,38,271
2/1/14 0:00,3:00:00 PM,215,39,254
2/1/14 0:00,4:00:00 PM,193,21,214
2/1/14 0:00,5:00:00 PM,171,27,198
2/1/14 0:00,6:00:00 PM,120,103,223
2/1/14 0:00,7:00:00 PM,34,4,38
2/1/14 0:00,8:00:00 PM,7,6,13
2/1/14 0:00,9:00:00 PM,7,19,26
2/1/14 0:00,10:00:00 PM,5,42,47
2/1/14 0:00,11:00:00 PM,0,0,0
2/2/14 0:00,12:00:00 AM,1,2,3
2/2/14 0:00,1:00:00 AM,0,0,0
2/2/14 0:00,2:00:00 AM,4,0,4
2/2/14 0:00,3:00:00 AM,2,1,3
2/2/14 0:00,4:00:00 AM,20,1,21
2/2/14 0:00,5:00:00 AM,57,0,57
2/2/14 0:00,6:00:00 AM,124,2,126
2/2/14 0:00,7:00:00 AM,157,7,164
2/2/14 0:00,8:00:00 AM,152,8,160
2/2/14 0:00,9:00:00 AM,74,6,80
2/2/14 0:00,10:00:00 AM,32,6,38
2/2/14 0:00,11:00:00 AM,33,6,39
2/2/14 0:00,12:00:00 PM,27,3,30
2/2/14 0:00,1:00:00 PM,29,3,32
2/2/14 0:00,2:00:00 PM,34,3,37
2/2/14 0:00,3:00:00 PM,46,2,48
2/2/14 0:00,4:00:00 PM,37,0,37
2/2/14 0:00,5:00:00 PM,25,2,27
2/2/14 0:00,6:00:00 PM,6,0,6
2/2/14 0:00,7:00:00 PM,9,0,9
2/2/14 0:00,8:00:00 PM,1,0,1
2/2/14 0:00,9:00:00 PM,0,0,0
2/2/14 0:00,10:00:00 PM,1,0,1
2/2/14 0:00,11:00:00 PM,0,0,0
2/3/14 0:00,12:00:00 AM,0,0,0
2/3/14 0:00,1:00:00 AM,0,0,0
2/3/14 0:00,2:00:00 AM,0,0,0
2/3/14 0:00,3:00:00 AM,2,0,2
2/3/14 0:00,4:00:00 AM,2,0,2
2/3/14 0:00,5:00:00 AM,7,0,7
2/3/14 0:00,6:00:00 AM,20,0,20
2/3/14 0:00,7:00:00 AM,35,1,36
2/3/14 0:00,8:00:00 AM,58,0,58
2/3/14 0:00,9:00:00 AM,80,1,81
2/3/14 0:00,10:00:00 AM,62,1,63
2/3/14 0:00,12:00:00 PM,77,1,78
2/3/14 0:00,1:00:00 PM,46,0,46
2/3/14 0:00,2:00:00 PM,49,1,50
2/3/14 0:00,3:00:00 PM,39,1,40
2/3/14 0:00,4:00:00 PM,57,1,58
2/3/14 0:00,5:00:00 PM,62,2,64
2/3/14 0:00,6:00:00 PM,38,4,42
2/3/14 0:00,7:00:00 PM,26,0,26
2/3/14 0:00,8:00:00 PM,9,0,9
2/3/14 0:00,9:00:00 PM,9,0,9
2/3/14 0:00,10:00:00 PM,7,0,7
2/3/14 0:00,11:00:00 PM,0,0,0
2/4/14 0:00,12:00:00 AM,3,1,4
2/4/14 0:00,1:00:00 AM,0,0,0
2/4/14 0:00,2:00:00 AM,0,0,0
2/4/14 0:00,3:00:00 AM,0,0,0
2/4/14 0:00,4:00:00 AM,2,1,3
2/4/14 0:00,5:00:00 AM,12,1,13
2/4/14 0:00,6:00:00 AM,29,0,29
2/4/14 0:00,7:00:00 AM,42,3,45
2/4/14 0:00,8:00:00 AM,34,6,40
2/4/14 0:00,9:00:00 AM,68,7,75
2/4/14 0:00,10:00:00 AM,69,4,73
2/4/14 0:00,11:00:00 AM,49,2,51
2/4/14 0:00,12:00:00 PM,53,12,65
2/4/14 0:00,1:00:00 PM,54,4,58
2/4/14 0:00,2:00:00 PM,25,4,29
2/4/14 0:00,3:00:00 PM,53,43,96
2/4/14 0:00,4:00:00 PM,71,4,75
2/4/14 0:00,5:00:00 PM,52,15,67
2/4/14 0:00,6:00:00 PM,53,74,127
2/4/14 0:00,7:00:00 PM,35,0,35
2/4/14 0:00,8:00:00 PM,8,5,13
2/4/14 0:00,9:00:00 PM,11,0,11
2/4/14 0:00,10:00:00 PM,0,0,0
2/4/14 0:00,11:00:00 PM,0,0,0
2/5/14 0:00,12:00:00 AM,0,0,0
2/5/14 0:00,1:00:00 AM,0,0,0
2/5/14 0:00,2:00:00 AM,0,0,0
2/5/14 0:00,3:00:00 AM,0,0,0
2/5/14 0:00,4:00:00 AM,5,1,6
2/5/14 0:00,5:00:00 AM,17,1,18
2/5/14 0:00,6:00:00 AM,31,2,33
2/5/14 0:00,7:00:00 AM,43,0,43
2/5/14 0:00,8:00:00 AM,59,3,62
2/5/14 0:00,9:00:00 AM,69,1,70
2/5/14 0:00,10:00:00 AM,80,2,82
2/5/14 0:00,11:00:00 AM,87,3,90
2/5/14 0:00,12:00:00 PM,60,10,70
2/5/14 0:00,1:00:00 PM,58,4,62
2/5/14 0:00,2:00:00 PM,45,5,50
2/5/14 0:00,3:00:00 PM,52,113,165
2/5/14 0:00,4:00:00 PM,81,246,327
2/5/14 0:00,5:00:00 PM,63,188,251
2/5/14 0:00,6:00:00 PM,48,14,62
2/5/14 0:00,7:00:00 PM,23,28,51
2/5/14 0:00,8:00:00 PM,11,0,11
2/5/14 0:00,9:00:00 PM,0,3,3
2/5/14 0:00,10:00:00 PM,4,0,4
2/5/14 0:00,11:00:00 PM,0,1,1
2/6/14 0:00,12:00:00 AM,1,0,1
2/6/14 0:00,1:00:00 AM,0,0,0
2/6/14 0:00,2:00:00 AM,0,0,0
2/6/14 0:00,3:00:00 AM,0,0,0
2/6/14 0:00,4:00:00 AM,0,0,0
2/6/14 0:00,5:00:00 AM,5,0,5
2/6/14 0:00,6:00:00 AM,0,0,0
2/6/14 0:00,7:00:00 AM,5,0,5
2/6/14 0:00,8:00:00 AM,3,0,3
2/6/14 0:00,9:00:00 AM,4,7,11
2/6/14 0:00,10:00:00 AM,5,6,11
2/6/14 0:00,11:00:00 AM,6,0,6
2/6/14 0:00,12:00:00 PM,7,0,7
2/6/14 0:00,1:00:00 PM,20,1,21
2/6/14 0:00,2:00:00 PM,11,1,12
2/6/14 0:00,3:00:00 PM,17,0,17
2/6/14 0:00,4:00:00 PM,25,15,40
2/6/14 0:00,5:00:00 PM,27,2,29
2/6/14 0:00,6:00:00 PM,29,0,29
2/6/14 0:00,7:00:00 PM,16,0,16
2/6/14 0:00,8:00:00 PM,7,0,7
2/6/14 0:00,9:00:00 PM,5,0,5
2/6/14 0:00,10:00:00 PM,1,0,1
2/6/14 0:00,11:00:00 PM,0,0,0
2/7/14 0:00,12:00:00 AM,0,0,0
2/7/14 0:00,1:00:00 AM,0,1,1
2/7/14 0:00,2:00:00 AM,0,0,0
2/7/14 0:00,3:00:00 AM,0,0,0
2/7/14 0:00,4:00:00 AM,2,1,3
2/7/14 0:00,5:00:00 AM,7,1,8
2/7/14 0:00,6:00:00 AM,19,1,20
2/7/14 0:00,7:00:00 AM,19,2,21
2/7/14 0:00,8:00:00 AM,34,3,37
2/7/14 0:00,9:00:00 AM,28,2,30
2/7/14 0:00,10:00:00 AM,21,2,23
2/7/14 0:00,11:00:00 AM,16,0,16
2/7/14 0:00,12:00:00 PM,14,0,14
2/7/14 0:00,1:00:00 PM,7,0,7
2/7/14 0:00,2:00:00 PM,9,0,9
2/7/14 0:00,3:00:00 PM,7,0,7
2/7/14 0:00,4:00:00 PM,7,0,7
2/7/14 0:00,5:00:00 PM,8,0,8
2/7/14 0:00,6:00:00 PM,2,0,2
2/7/14 0:00,7:00:00 PM,2,0,2
2/7/14 0:00,8:00:00 PM,4,0,4
2/7/14 0:00,9:00:00 PM,0,0,0
2/7/14 0:00,10:00:00 PM,0,0,0
2/7/14 0:00,11:00:00 PM,0,0,0
2/8/14 0:00,12:00:00 AM,0,0,0
2/8/14 0:00,1:00:00 AM,0,0,0
2/8/14 0:00,2:00:00 AM,2,0,2
2/8/14 0:00,3:00:00 AM,0,0,0
2/8/14 0:00,4:00:00 AM,1,0,1
2/8/14 0:00,5:00:00 AM,8,0,8
2/8/14 0:00,6:00:00 AM,11,0,11
2/8/14 0:00,7:00:00 AM,28,5,33
2/8/14 0:00,8:00:00 AM,31,7,38
2/8/14 0:00,9:00:00 AM,21,13,34
2/8/14 0:00,10:00:00 AM,38,4,42
2/8/14 0:00,11:00:00 AM,49,3,52
2/8/14 0:00,12:00:00 PM,38,0,38
2/8/14 0:00,1:00:00 PM,62,11,73
2/8/14 0:00,2:00:00 PM,73,1,74
2/8/14 0:00,3:00:00 PM,65,1,66
2/8/14 0:00,4:00:00 PM,59,2,61
2/8/14 0:00,5:00:00 PM,45,1,46
2/8/14 0:00,6:00:00 PM,16,0,16
2/8/14 0:00,7:00:00 PM,15,0,15
2/8/14 0:00,8:00:00 PM,5,0,5
2/8/14 0:00,9:00:00 PM,6,0,6
2/8/14 0:00,10:00:00 PM,0,0,0
2/8/14 0:00,11:00:00 PM,4,0,4
2/9/14 0:00,12:00:00 AM,0,0,0
2/9/14 0:00,1:00:00 AM,0,0,0
2/9/14 0:00,2:00:00 AM,0,0,0
2/9/14 0:00,3:00:00 AM,0,0,0
2/9/14 0:00,4:00:00 AM,3,0,3
2/9/14 0:00,5:00:00 AM,10,0,10
2/9/14 0:00,6:00:00 AM,36,0,36
2/9/14 0:00,7:00:00 AM,53,4,57
2/9/14 0:00,8:00:00 AM,70,12,82
2/9/14 0:00,9:00:00 AM,74,7,81
2/9/14 0:00,10:00:00 AM,74,12,86
2/9/14 0:00,11:00:00 AM,96,8,104
2/9/14 0:00,12:00:00 PM,77,7,84
2/9/14 0:00,1:00:00 PM,76,9,85
2/9/14 0:00,2:00:00 PM,64,9,73
2/9/14 0:00,3:00:00 PM,89,8,97
2/9/14 0:00,4:00:00 PM,91,7,98
2/9/14 0:00,5:00:00 PM,59,2,61
2/9/14 0:00,6:00:00 PM,20,0,20
2/9/14 0:00,7:00:00 PM,3,0,3
2/9/14 0:00,8:00:00 PM,0,0,0
2/9/14 0:00,9:00:00 PM,3,0,3
2/9/14 0:00,10:00:00 PM,0,1,1
2/9/14 0:00,11:00:00 PM,0,0,0
2/10/14 0:00,12:00:00 AM,0,0,0
2/10/14 0:00,1:00:00 AM,0,0,0
2/10/14 0:00,2:00:00 AM,0,0,0
2/10/14 0:00,3:00:00 AM,0,0,0
2/10/14 0:00,4:00:00 AM,0,0,0
2/10/14 0:00,5:00:00 AM,4,0,4
2/10/14 0:00,6:00:00 AM,20,0,20
2/10/14 0:00,7:00:00 AM,12,0,12
2/10/14 0:00,8:00:00 AM,13,0,13
2/10/14 0:00,9:00:00 AM,12,0,12
2/10/14 0:00,10:00:00 AM,12,2,14
2/10/14 0:00,11:00:00 AM,22,2,24
2/10/14 0:00,12:00:00 PM,15,2,17
2/10/14 0:00,1:00:00 PM,24,0,24
2/10/14 0:00,2:00:00 PM,34,2,36
2/10/14 0:00,3:00:00 PM,24,9,33
2/10/14 0:00,4:00:00 PM,36,2,38
2/10/14 0:00,5:00:00 PM,40,3,43
2/10/14 0:00,6:00:00 PM,17,0,17
2/10/14 0:00,7:00:00 PM,18,1,19
2/10/14 0:00,8:00:00 PM,9,0,9
2/10/14 0:00,9:00:00 PM,3,0,3
2/10/14 0:00,10:00:00 PM,2,0,2
2/10/14 0:00,11:00:00 PM,5,0,5
2/11/14 0:00,12:00:00 AM,0,0,0
2/11/14 0:00,1:00:00 AM,0,0,0
2/11/14 0:00,2:00:00 AM,0,0,0
2/11/14 0:00,3:00:00 AM,0,0,0
2/11/14 0:00,4:00:00 AM,0,1,1
2/11/14 0:00,5:00:00 AM,11,1,12
2/11/14 0:00,6:00:00 AM,25,0,25
2/11/14 0:00,7:00:00 AM,27,1,28
2/11/14 0:00,8:00:00 AM,44,0,44
2/11/14 0:00,9:00:00 AM,37,1,38
2/11/14 0:00,11:00:00 AM,28,1,29
2/11/14 0:00,12:00:00 PM,41,0,41
2/11/14 0:00,1:00:00 PM,55,1,56
2/11/14 0:00,2:00:00 PM,42,3,45
2/11/14 0:00,3:00:00 PM,55,4,59
2/11/14 0:00,4:00:00 PM,66,9,75
2/11/14 0:00,5:00:00 PM,82,8,90
2/11/14 0:00,6:00:00 PM,44,1,45
2/11/14 0:00,7:00:00 PM,37,0,37
2/11/14 0:00,8:00:00 PM,11,0,11
2/11/14 0:00,9:00:00 PM,11,0,11
2/11/14 0:00,10:00:00 PM,1,0,1
2/11/14 0:00,11:00:00 PM,0,0,0
2/12/14 0:00,12:00:00 AM,0,0,0
2/12/14 0:00,1:00:00 AM,0,0,0
2/12/14 0:00,2:00:00 AM,0,0,0
2/12/14 0:00,3:00:00 AM,0,0,0
2/12/14 0:00,4:00:00 AM,8,1,9
2/12/14 0:00,5:00:00 AM,12,3,15
2/12/14 0:00,6:00:00 AM,27,0,27
2/12/14 0:00,7:00:00 AM,32,2,34
2/12/14 0:00,8:00:00 AM,39,3,42
2/12/14 0:00,9:00:00 AM,66,5,71
2/12/14 0:00,10:00:00 AM,54,2,56
2/12/14 0:00,11:00:00 AM,54,4,58
2/12/14 0:00,12:00:00 PM,44,9,53
2/12/14 0:00,1:00:00 PM,36,7,43
2/12/14 0:00,2:00:00 PM,41,5,46
2/12/14 0:00,3:00:00 PM,56,13,69
2/12/14 0:00,4:00:00 PM,59,10,69
2/12/14 0:00,5:00:00 PM,83,7,90
2/12/14 0:00,6:00:00 PM,40,8,48
2/12/14 0:00,7:00:00 PM,32,48,80
2/12/14 0:00,8:00:00 PM,9,34,43
2/12/14 0:00,9:00:00 PM,9,5,14
2/12/14 0:00,10:00:00 PM,3,3,6
2/12/14 0:00,11:00:00 PM,0,0,0
2/13/14 0:00,12:00:00 AM,0,0,0
2/13/14 0:00,1:00:00 AM,0,0,0
2/13/14 0:00,2:00:00 AM,0,0,0
2/13/14 0:00,3:00:00 AM,0,0,0
2/13/14 0:00,4:00:00 AM,5,1,6
2/13/14 0:00,5:00:00 AM,22,1,23
2/13/14 0:00,6:00:00 AM,49,0,49
2/13/14 0:00,7:00:00 AM,43,4,47
2/13/14 0:00,8:00:00 AM,36,2,38
2/13/14 0:00,9:00:00 AM,59,0,59
2/13/14 0:00,10:00:00 AM,46,2,48
2/13/14 0:00,11:00:00 AM,54,6,60
2/13/14 0:00,12:00:00 PM,59,4,63
2/13/14 0:00,1:00:00 PM,34,3,37
2/13/14 0:00,2:00:00 PM,47,8,55
2/13/14 0:00,3:00:00 PM,53,0,53
2/13/14 0:00,4:00:00 PM,52,5,57
2/13/14 0:00,5:00:00 PM,72,1,73
2/13/14 0:00,6:00:00 PM,52,0,52
2/13/14 0:00,7:00:00 PM,26,5,31
2/13/14 0:00,8:00:00 PM,12,1,13
2/13/14 0:00,9:00:00 PM,11,0,11
2/13/14 0:00,10:00:00 PM,3,2,5
2/13/14 0:00,11:00:00 PM,4,0,4
2/14/14 0:00,12:00:00 AM,3,0,3
2/14/14 0:00,1:00:00 AM,0,0,0
2/14/14 0:00,2:00:00 AM,0,0,0
2/14/14 0:00,3:00:00 AM,0,0,0
2/14/14 0:00,4:00:00 AM,6,1,7
2/14/14 0:00,5:00:00 AM,11,1,12
2/14/14 0:00,6:00:00 AM,38,2,40
2/14/14 0:00,7:00:00 AM,56,7,63
2/14/14 0:00,8:00:00 AM,70,16,86
2/14/14 0:00,9:00:00 AM,60,5,65
2/14/14 0:00,10:00:00 AM,65,4,69
2/14/14 0:00,11:00:00 AM,88,9,97
2/14/14 0:00,12:00:00 PM,58,0,58
2/14/14 0:00,1:00:00 PM,75,1,76
2/14/14 0:00,2:00:00 PM,61,3,64
2/14/14 0:00,3:00:00 PM,44,6,50
2/14/14 0:00,4:00:00 PM,60,9,69
2/14/14 0:00,5:00:00 PM,51,5,56
2/14/14 0:00,6:00:00 PM,43,3,46
2/14/14 0:00,7:00:00 PM,39,0,39
2/14/14 0:00,8:00:00 PM,21,0,21
2/14/14 0:00,9:00:00 PM,11,0,11
2/14/14 0:00,10:00:00 PM,14,0,14
2/14/14 0:00,11:00:00 PM,11,0,11
2/15/14 0:00,12:00:00 AM,3,0,3
2/15/14 0:00,1:00:00 AM,0,0,0
2/15/14 0:00,2:00:00 AM,0,0,0
2/15/14 0:00,3:00:00 AM,0,0,0
2/15/14 0:00,4:00:00 AM,12,0,12
2/15/14 0:00,5:00:00 AM,50,3,53
2/15/14 0:00,6:00:00 AM,100,0,100
2/15/14 0:00,7:00:00 AM,158,10,168
2/15/14 0:00,8:00:00 AM,194,23,217
2/15/14 0:00,9:00:00 AM,207,30,237
2/15/14 0:00,10:00:00 AM,244,68,312
2/15/14 0:00,11:00:00 AM,266,48,314
2/15/14 0:00,12:00:00 PM,206,39,245
2/15/14 0:00,1:00:00 PM,179,45,224
2/15/14 0:00,2:00:00 PM,218,38,256
2/15/14 0:00,3:00:00 PM,156,30,186
2/15/14 0:00,4:00:00 PM,142,27,169
2/15/14 0:00,5:00:00 PM,150,78,228
2/15/14 0:00,6:00:00 PM,67,0,67
2/15/14 0:00,7:00:00 PM,27,0,27
2/15/14 0:00,8:00:00 PM,6,0,6
2/15/14 0:00,9:00:00 PM,3,0,3
2/15/14 0:00,10:00:00 PM,1,0,1
2/15/14 0:00,11:00:00 PM,0,4,4
2/16/14 0:00,12:00:00 AM,0,58,58
2/16/14 0:00,1:00:00 AM,1,95,96
2/16/14 0:00,2:00:00 AM,0,3,3
2/16/14 0:00,3:00:00 AM,2,22,24
2/16/14 0:00,4:00:00 AM,5,7,12
2/16/14 0:00,5:00:00 AM,31,0,31
2/16/14 0:00,6:00:00 AM,49,1,50
2/16/14 0:00,7:00:00 AM,106,20,126
2/16/14 0:00,8:00:00 AM,136,9,145
2/16/14 0:00,9:00:00 AM,171,40,211
2/16/14 0:00,10:00:00 AM,245,36,281
2/16/14 0:00,11:00:00 AM,228,39,267
2/16/14 0:00,12:00:00 PM,197,58,255
2/16/14 0:00,1:00:00 PM,222,20,242
2/16/14 0:00,2:00:00 PM,215,24,239
2/16/14 0:00,3:00:00 PM,216,38,254
2/16/14 0:00,4:00:00 PM,238,49,287
2/16/14 0:00,5:00:00 PM,209,15,224
2/16/14 0:00,6:00:00 PM,142,7,149
2/16/14 0:00,7:00:00 PM,48,2,50
2/16/14 0:00,8:00:00 PM,4,1,5
2/16/14 0:00,9:00:00 PM,10,0,10
2/16/14 0:00,10:00:00 PM,6,2,8
2/16/14 0:00,11:00:00 PM,1,0,1
2/17/14 0:00,12:00:00 AM,2,0,2
2/17/14 0:00,1:00:00 AM,0,0,0
2/17/14 0:00,2:00:00 AM,0,0,0
2/17/14 0:00,3:00:00 AM,2,0,2
2/17/14 0:00,4:00:00 AM,19,12,31
2/17/14 0:00,5:00:00 AM,35,1,36
2/17/14 0:00,6:00:00 AM,76,4,80
2/17/14 0:00,7:00:00 AM,129,17,146
2/17/14 0:00,8:00:00 AM,190,19,209
2/17/14 0:00,9:00:00 AM,282,54,336
2/17/14 0:00,10:00:00 AM,292,53,345
2/17/14 0:00,11:00:00 AM,304,81,385
2/17/14 0:00,12:00:00 PM,260,44,304
2/17/14 0:00,1:00:00 PM,215,66,281
2/17/14 0:00,2:00:00 PM,190,47,237
2/17/14 0:00,3:00:00 PM,237,41,278
2/17/14 0:00,4:00:00 PM,211,38,249
2/17/14 0:00,5:00:00 PM,179,16,195
2/17/14 0:00,6:00:00 PM,128,6,134
2/17/14 0:00,7:00:00 PM,41,0,41
2/17/14 0:00,8:00:00 PM,10,0,10
2/17/14 0:00,9:00:00 PM,6,0,6
2/17/14 0:00,10:00:00 PM,1,0,1
2/17/14 0:00,11:00:00 PM,0,0,0
2/18/14 0:00,12:00:00 AM,0,1,1
2/18/14 0:00,1:00:00 AM,0,1,1
2/18/14 0:00,2:00:00 AM,0,0,0
2/18/14 0:00,3:00:00 AM,2,1,3
2/18/14 0:00,4:00:00 AM,3,0,3
2/18/14 0:00,5:00:00 AM,17,0,17
2/18/14 0:00,6:00:00 AM,31,0,31
2/18/14 0:00,7:00:00 AM,43,1,44
2/18/14 0:00,8:00:00 AM,60,2,62
2/18/14 0:00,10:00:00 AM,77,9,86
2/18/14 0:00,11:00:00 AM,52,4,56
2/18/14 0:00,12:00:00 PM,67,6,73
2/18/14 0:00,1:00:00 PM,59,2,61
2/18/14 0:00,2:00:00 PM,62,0,62
2/18/14 0:00,3:00:00 PM,57,6,63
2/18/14 0:00,4:00:00 PM,84,8,92
2/18/14 0:00,5:00:00 PM,78,4,82
2/18/14 0:00,6:00:00 PM,50,2,52
2/18/14 0:00,7:00:00 PM,35,0,35
2/18/14 0:00,8:00:00 PM,15,0,15
2/18/14 0:00,9:00:00 PM,13,0,13
2/18/14 0:00,10:00:00 PM,5,0,5
2/18/14 0:00,11:00:00 PM,1,0,1
2/19/14 0:00,12:00:00 AM,1,0,1
2/19/14 0:00,1:00:00 AM,4,0,4
2/19/14 0:00,2:00:00 AM,0,0,0
2/19/14 0:00,3:00:00 AM,3,0,3
2/19/14 0:00,4:00:00 AM,7,0,7
2/19/14 0:00,5:00:00 AM,12,0,12
2/19/14 0:00,6:00:00 AM,23,1,24
2/19/14 0:00,7:00:00 AM,52,0,52
2/19/14 0:00,8:00:00 AM,29,0,29
2/19/14 0:00,9:00:00 AM,71,3,74
2/19/14 0:00,10:00:00 AM,58,7,65
2/19/14 0:00,11:00:00 AM,71,3,74
2/19/14 0:00,12:00:00 PM,76,5,81
2/19/14 0:00,1:00:00 PM,89,19,108
2/19/14 0:00,2:00:00 PM,59,4,63
2/19/14 0:00,3:00:00 PM,74,2,76
2/19/14 0:00,4:00:00 PM,78,5,83
2/19/14 0:00,5:00:00 PM,97,37,134
2/19/14 0:00,6:00:00 PM,60,157,217
2/19/14 0:00,7:00:00 PM,53,0,53
2/19/14 0:00,8:00:00 PM,14,0,14
2/19/14 0:00,9:00:00 PM,7,0,7
2/19/14 0:00,10:00:00 PM,3,0,3
2/19/14 0:00,11:00:00 PM,0,0,0
2/20/14 0:00,12:00:00 AM,1,0,1
2/20/14 0:00,1:00:00 AM,0,0,0
2/20/14 0:00,2:00:00 AM,1,0,1
2/20/14 0:00,3:00:00 AM,0,0,0
2/20/14 0:00,4:00:00 AM,8,0,8
2/20/14 0:00,5:00:00 AM,41,0,41
2/20/14 0:00,6:00:00 AM,29,0,29
2/20/14 0:00,7:00:00 AM,64,1,65
2/20/14 0:00,8:00:00 AM,75,1,76
2/20/14 0:00,9:00:00 AM,50,0,50
2/20/14 0:00,10:00:00 AM,113,7,120
2/20/14 0:00,11:00:00 AM,87,4,91
2/20/14 0:00,12:00:00 PM,75,7,82
2/20/14 0:00,1:00:00 PM,73,8,81
2/20/14 0:00,2:00:00 PM,59,7,66
2/20/14 0:00,3:00:00 PM,52,4,56
2/20/14 0:00,4:00:00 PM,87,3,90
2/20/14 0:00,5:00:00 PM,73,5,78
2/20/14 0:00,6:00:00 PM,61,3,64
2/20/14 0:00,7:00:00 PM,50,7,57
2/20/14 0:00,8:00:00 PM,13,2,15
2/20/14 0:00,9:00:00 PM,9,0,9
2/20/14 0:00,10:00:00 PM,0,0,0
2/20/14 0:00,11:00:00 PM,1,0,1
2/21/14 0:00,12:00:00 AM,0,0,0
2/21/14 0:00,1:00:00 AM,0,0,0
2/21/14 0:00,2:00:00 AM,1,0,1
2/21/14 0:00,3:00:00 AM,0,0,0
2/21/14 0:00,4:00:00 AM,10,1,11
2/21/14 0:00,5:00:00 AM,28,2,30
2/21/14 0:00,6:00:00 AM,77,0,77
2/21/14 0:00,7:00:00 AM,85,1,86
2/21/14 0:00,8:00:00 AM,129,0,129
2/21/14 0:00,9:00:00 AM,90,7,97
2/21/14 0:00,10:00:00 AM,136,9,145
2/21/14 0:00,11:00:00 AM,128,11,139
2/21/14 0:00,12:00:00 PM,102,12,114
2/21/14 0:00,1:00:00 PM,64,16,80
2/21/14 0:00,2:00:00 PM,89,14,103
2/21/14 0:00,3:00:00 PM,72,8,80
2/21/14 0:00,4:00:00 PM,83,15,98
2/21/14 0:00,5:00:00 PM,104,27,131
2/21/14 0:00,6:00:00 PM,112,6,118
2/21/14 0:00,7:00:00 PM,43,4,47
2/21/14 0:00,8:00:00 PM,12,0,12
2/21/14 0:00,9:00:00 PM,5,0,5
2/21/14 0:00,10:00:00 PM,6,0,6
2/21/14 0:00,11:00:00 PM,5,0,5
2/22/14 0:00,12:00:00 AM,2,0,2
2/22/14 0:00,1:00:00 AM,0,0,0
2/22/14 0:00,2:00:00 AM,4,0,4
2/22/14 0:00,3:00:00 AM,3,0,3
2/22/14 0:00,4:00:00 AM,14,0,14
2/22/14 0:00,5:00:00 AM,71,0,71
2/22/14 0:00,6:00:00 AM,176,10,186
2/22/14 0:00,7:00:00 AM,237,40,277
2/22/14 0:00,8:00:00 AM,249,41,290
2/22/14 0:00,9:00:00 AM,308,74,382
2/22/14 0:00,10:00:00 AM,387,77,464
2/22/14 0:00,11:00:00 AM,356,65,421
2/22/14 0:00,12:00:00 PM,243,48,291
2/22/14 0:00,1:00:00 PM,214,35,249
2/22/14 0:00,2:00:00 PM,216,54,270
2/22/14 0:00,3:00:00 PM,213,36,249
2/22/14 0:00,4:00:00 PM,223,28,251
2/22/14 0:00,5:00:00 PM,228,31,259
2/22/14 0:00,6:00:00 PM,177,8,185
2/22/14 0:00,7:00:00 PM,57,1,58
2/22/14 0:00,8:00:00 PM,31,0,31
2/22/14 0:00,9:00:00 PM,9,0,9
2/22/14 0:00,10:00:00 PM,7,0,7
2/22/14 0:00,11:00:00 PM,4,2,6
2/23/14 0:00,12:00:00 AM,1,1,2
2/23/14 0:00,1:00:00 AM,0,0,0
2/23/14 0:00,2:00:00 AM,0,1,1
2/23/14 0:00,3:00:00 AM,1,2,3
2/23/14 0:00,4:00:00 AM,11,1,12
2/23/14 0:00,5:00:00 AM,67,1,68
2/23/14 0:00,6:00:00 AM,139,7,146
2/23/14 0:00,7:00:00 AM,202,21,223
2/23/14 0:00,8:00:00 AM,280,48,328
2/23/14 0:00,9:00:00 AM,293,48,341
2/23/14 0:00,10:00:00 AM,391,98,489
2/23/14 0:00,11:00:00 AM,373,71,444
2/23/14 0:00,12:00:00 PM,244,50,294
2/23/14 0:00,1:00:00 PM,283,46,329
2/23/14 0:00,2:00:00 PM,204,87,291
2/23/14 0:00,3:00:00 PM,217,43,260
2/23/14 0:00,4:00:00 PM,199,56,255
2/23/14 0:00,5:00:00 PM,194,33,227
2/23/14 0:00,6:00:00 PM,169,11,180
2/23/14 0:00,7:00:00 PM,73,2,75
2/23/14 0:00,8:00:00 PM,17,1,18
2/23/14 0:00,9:00:00 PM,6,1,7
2/23/14 0:00,10:00:00 PM,6,0,6
2/23/14 0:00,11:00:00 PM,0,0,0
2/24/14 0:00,12:00:00 AM,4,0,4
2/24/14 0:00,1:00:00 AM,0,0,0
2/24/14 0:00,2:00:00 AM,0,0,0
2/24/14 0:00,3:00:00 AM,3,0,3
2/24/14 0:00,4:00:00 AM,7,1,8
2/24/14 0:00,5:00:00 AM,13,1,14
2/24/14 0:00,6:00:00 AM,27,0,27
2/24/14 0:00,7:00:00 AM,43,1,44
2/24/14 0:00,8:00:00 AM,84,2,86
2/24/14 0:00,9:00:00 AM,54,54,108
2/24/14 0:00,10:00:00 AM,73,3,76
2/24/14 0:00,11:00:00 AM,96,9,105
2/24/14 0:00,12:00:00 PM,60,8,68
2/24/14 0:00,2:00:00 PM,51,10,61
2/24/14 0:00,3:00:00 PM,43,2,45
2/24/14 0:00,4:00:00 PM,71,19,90
2/24/14 0:00,5:00:00 PM,79,113,192
2/24/14 0:00,6:00:00 PM,82,14,96
2/24/14 0:00,7:00:00 PM,29,0,29
2/24/14 0:00,8:00:00 PM,17,0,17
2/24/14 0:00,9:00:00 PM,10,0,10
2/24/14 0:00,10:00:00 PM,11,0,11
2/24/14 0:00,11:00:00 PM,1,0,1
2/25/14 0:00,12:00:00 AM,0,0,0
2/25/14 0:00,1:00:00 AM,0,0,0
2/25/14 0:00,2:00:00 AM,0,0,0
2/25/14 0:00,3:00:00 AM,0,0,0
2/25/14 0:00,4:00:00 AM,11,1,12
2/25/14 0:00,5:00:00 AM,28,1,29
2/25/14 0:00,6:00:00 AM,54,0,54
2/25/14 0:00,7:00:00 AM,40,2,42
2/25/14 0:00,8:00:00 AM,57,5,62
2/25/14 0:00,9:00:00 AM,56,2,58
2/25/14 0:00,10:00:00 AM,73,6,79
2/25/14 0:00,11:00:00 AM,77,9,86
2/25/14 0:00,12:00:00 PM,59,5,64
2/25/14 0:00,1:00:00 PM,41,41,82
2/25/14 0:00,2:00:00 PM,42,2,44
2/25/14 0:00,3:00:00 PM,74,3,77
2/25/14 0:00,4:00:00 PM,76,10,86
2/25/14 0:00,5:00:00 PM,81,9,90
2/25/14 0:00,6:00:00 PM,94,2,96
2/25/14 0:00,7:00:00 PM,52,10,62
2/25/14 0:00,8:00:00 PM,26,1,27
2/25/14 0:00,9:00:00 PM,19,1,20
2/25/14 0:00,10:00:00 PM,1,0,1
2/25/14 0:00,11:00:00 PM,2,1,3
2/26/14 0:00,12:00:00 AM,4,2,6
2/26/14 0:00,1:00:00 AM,2,0,2
2/26/14 0:00,2:00:00 AM,0,0,0
2/26/14 0:00,3:00:00 AM,0,0,0
2/26/14 0:00,4:00:00 AM,5,0,5
2/26/14 0:00,5:00:00 AM,11,0,11
2/26/14 0:00,6:00:00 AM,22,0,22
2/26/14 0:00,7:00:00 AM,16,0,16
2/26/14 0:00,8:00:00 AM,9,19,28
2/26/14 0:00,9:00:00 AM,4,12,16
2/26/14 0:00,10:00:00 AM,2,0,2
2/26/14 0:00,11:00:00 AM,8,0,8
2/26/14 0:00,12:00:00 PM,14,0,14
2/26/14 0:00,1:00:00 PM,13,2,15
2/26/14 0:00,2:00:00 PM,23,3,26
2/26/14 0:00,3:00:00 PM,17,0,17
2/26/14 0:00,4:00:00 PM,6,0,6
2/26/14 0:00,5:00:00 PM,8,0,8
2/26/14 0:00,6:00:00 PM,7,0,7
2/26/14 0:00,7:00:00 PM,1,0,1
2/26/14 0:00,8:00:00 PM,0,0,0
2/26/14 0:00,9:00:00 PM,1,0,1
2/26/14 0:00,10:00:00 PM,0,0,0
2/26/14 0:00,11:00:00 PM,0,0,0
2/27/14 0:00,12:00:00 AM,0,0,0
2/27/14 0:00,1:00:00 AM,0,0,0
2/27/14 0:00,2:00:00 AM,0,0,0
2/27/14 0:00,3:00:00 AM,0,0,0
2/27/14 0:00,4:00:00 AM,0,0,0
2/27/14 0:00,5:00:00 AM,10,0,10
2/27/14 0:00,6:00:00 AM,8,0,8
2/27/14 0:00,7:00:00 AM,14,0,14
2/27/14 0:00,8:00:00 AM,10,0,10
2/27/14 0:00,9:00:00 AM,20,0,20
2/27/14 0:00,10:00:00 AM,22,0,22
2/27/14 0:00,11:00:00 AM,31,2,33
2/27/14 0:00,12:00:00 PM,35,1,36
2/27/14 0:00,1:00:00 PM,26,2,28
2/27/14 0:00,2:00:00 PM,22,1,23
2/27/14 0:00,3:00:00 PM,48,1,49
2/27/14 0:00,4:00:00 PM,44,3,47
2/27/14 0:00,5:00:00 PM,47,1,48
2/27/14 0:00,6:00:00 PM,41,2,43
2/27/14 0:00,7:00:00 PM,22,1,23
2/27/14 0:00,8:00:00 PM,3,0,3
2/27/14 0:00,9:00:00 PM,7,0,7
2/27/14 0:00,10:00:00 PM,1,0,1
2/27/14 0:00,11:00:00 PM,1,0,1
2/28/14 0:00,12:00:00 AM,2,0,2
2/28/14 0:00,1:00:00 AM,0,0,0
2/28/14 0:00,2:00:00 AM,0,0,0
2/28/14 0:00,3:00:00 AM,0,0,0
2/28/14 0:00,4:00:00 AM,0,0,0
2/28/14 0:00,5:00:00 AM,0,0,0
2/28/14 0:00,6:00:00 AM,0,0,0
2/28/14 0:00,7:00:00 AM,4,0,4
2/28/14 0:00,8:00:00 AM,2,0,2
2/28/14 0:00,9:00:00 AM,11,0,11
2/28/14 0:00,10:00:00 AM,10,1,11
2/28/14 0:00,11:00:00 AM,5,0,5
2/28/14 0:00,12:00:00 PM,8,0,8
2/28/14 0:00,1:00:00 PM,13,0,13
2/28/14 0:00,2:00:00 PM,8,0,8
2/28/14 0:00,3:00:00 PM,4,0,4
2/28/14 0:00,4:00:00 PM,20,0,20
2/28/14 0:00,5:00:00 PM,11,0,11
2/28/14 0:00,6:00:00 PM,12,0,12
2/28/14 0:00,7:00:00 PM,2,0,2
2/28/14 0:00,8:00:00 PM,3,0,3
2/28/14 0:00,9:00:00 PM,0,0,0
2/28/14 0:00,10:00:00 PM,0,0,0
2/28/14 0:00,11:00:00 PM,0,0,0
3/1/14 0:00,12:00:00 AM,0,0,0
3/1/14 0:00,1:00:00 AM,0,0,0
3/1/14 0:00,2:00:00 AM,0,0,0
3/1/14 0:00,3:00:00 AM,0,0,0
3/1/14 0:00,4:00:00 AM,1,0,1
3/1/14 0:00,5:00:00 AM,6,0,6
3/1/14 0:00,6:00:00 AM,18,0,18
3/1/14 0:00,7:00:00 AM,33,0,33
3/1/14 0:00,8:00:00 AM,47,6,53
3/1/14 0:00,9:00:00 AM,47,11,58
3/1/14 0:00,10:00:00 AM,77,18,95
3/1/14 0:00,11:00:00 AM,89,16,105
3/1/14 0:00,12:00:00 PM,80,20,100
3/1/14 0:00,1:00:00 PM,137,10,147
3/1/14 0:00,2:00:00 PM,135,13,148
3/1/14 0:00,3:00:00 PM,145,12,157
3/1/14 0:00,4:00:00 PM,151,4,155
3/1/14 0:00,5:00:00 PM,127,7,134
3/1/14 0:00,6:00:00 PM,84,2,86
3/1/14 0:00,7:00:00 PM,31,3,34
3/1/14 0:00,8:00:00 PM,9,0,9
3/1/14 0:00,9:00:00 PM,4,0,4
3/1/14 0:00,10:00:00 PM,3,0,3
3/1/14 0:00,11:00:00 PM,2,0,2
3/2/14 0:00,12:00:00 AM,0,0,0
3/2/14 0:00,1:00:00 AM,0,0,0
3/2/14 0:00,2:00:00 AM,0,0,0
3/2/14 0:00,3:00:00 AM,1,0,1
3/2/14 0:00,4:00:00 AM,7,0,7
3/2/14 0:00,5:00:00 AM,50,0,50
3/2/14 0:00,6:00:00 AM,96,2,98
3/2/14 0:00,7:00:00 AM,131,14,145
3/2/14 0:00,8:00:00 AM,162,33,195
3/2/14 0:00,9:00:00 AM,200,30,230
3/2/14 0:00,10:00:00 AM,168,28,196
3/2/14 0:00,11:00:00 AM,166,24,190
3/2/14 0:00,12:00:00 PM,128,9,137
3/2/14 0:00,1:00:00 PM,48,12,60
3/2/14 0:00,2:00:00 PM,78,6,84
3/2/14 0:00,3:00:00 PM,103,6,109
3/2/14 0:00,4:00:00 PM,82,15,97
3/2/14 0:00,5:00:00 PM,107,4,111
3/2/14 0:00,6:00:00 PM,84,2,86
3/2/14 0:00,7:00:00 PM,16,1,17
3/2/14 0:00,8:00:00 PM,9,0,9
3/2/14 0:00,9:00:00 PM,5,0,5
3/2/14 0:00,10:00:00 PM,0,0,0
3/2/14 0:00,11:00:00 PM,0,0,0
3/3/14 0:00,12:00:00 AM,0,0,0
3/3/14 0:00,1:00:00 AM,0,0,0
3/3/14 0:00,2:00:00 AM,0,0,0
3/3/14 0:00,3:00:00 AM,0,0,0
3/3/14 0:00,4:00:00 AM,3,1,4
3/3/14 0:00,5:00:00 AM,9,3,12
3/3/14 0:00,6:00:00 AM,23,0,23
3/3/14 0:00,7:00:00 AM,24,3,27
3/3/14 0:00,8:00:00 AM,39,0,39
3/3/14 0:00,9:00:00 AM,53,0,53
3/3/14 0:00,10:00:00 AM,46,1,47
3/3/14 0:00,11:00:00 AM,34,2,36
3/3/14 0:00,12:00:00 PM,41,3,44
3/3/14 0:00,1:00:00 PM,36,234,270
3/3/14 0:00,2:00:00 PM,31,5,36
3/3/14 0:00,3:00:00 PM,26,29,55
3/3/14 0:00,4:00:00 PM,19,1,20
3/3/14 0:00,5:00:00 PM,29,3,32
3/3/14 0:00,6:00:00 PM,14,0,14
3/3/14 0:00,7:00:00 PM,7,0,7
3/3/14 0:00,8:00:00 PM,6,0,6
3/3/14 0:00,9:00:00 PM,0,0,0
3/3/14 0:00,10:00:00 PM,0,0,0
3/3/14 0:00,11:00:00 PM,0,0,0
3/4/14 0:00,12:00:00 AM,0,0,0
3/4/14 0:00,1:00:00 AM,1,0,1
3/4/14 0:00,2:00:00 AM,1,0,1
3/4/14 0:00,3:00:00 AM,0,0,0
3/4/14 0:00,4:00:00 AM,3,0,3
3/4/14 0:00,5:00:00 AM,0,0,0
3/4/14 0:00,6:00:00 AM,18,2,20
3/4/14 0:00,7:00:00 AM,18,1,19
3/4/14 0:00,8:00:00 AM,22,0,22
3/4/14 0:00,10:00:00 AM,30,2,32
3/4/14 0:00,11:00:00 AM,23,63,86
3/4/14 0:00,12:00:00 PM,36,3,39
3/4/14 0:00,1:00:00 PM,37,1,38
3/4/14 0:00,2:00:00 PM,32,3,35
3/4/14 0:00,3:00:00 PM,43,2,45
3/4/14 0:00,4:00:00 PM,49,6,55
3/4/14 0:00,5:00:00 PM,49,10,59
3/4/14 0:00,6:00:00 PM,42,154,196
3/4/14 0:00,7:00:00 PM,26,33,59
3/4/14 0:00,8:00:00 PM,10,27,37
3/4/14 0:00,9:00:00 PM,5,4,9
3/4/14 0:00,10:00:00 PM,0,1,1
3/4/14 0:00,11:00:00 PM,0,43,43
3/5/14 0:00,12:00:00 AM,0,14,14
3/5/14 0:00,1:00:00 AM,0,0,0
3/5/14 0:00,2:00:00 AM,0,0,0
3/5/14 0:00,3:00:00 AM,0,0,0
3/5/14 0:00,4:00:00 AM,8,1,9
3/5/14 0:00,5:00:00 AM,15,3,18
3/5/14 0:00,6:00:00 AM,33,0,33
3/5/14 0:00,7:00:00 AM,26,3,29
3/5/14 0:00,8:00:00 AM,57,22,79
3/5/14 0:00,9:00:00 AM,47,27,74
3/5/14 0:00,10:00:00 AM,57,4,61
3/5/14 0:00,11:00:00 AM,48,0,48
3/5/14 0:00,12:00:00 PM,44,3,47
3/5/14 0:00,1:00:00 PM,47,5,52
3/5/14 0:00,2:00:00 PM,39,0,39
3/5/14 0:00,3:00:00 PM,65,4,69
3/5/14 0:00,4:00:00 PM,68,4,72
3/5/14 0:00,5:00:00 PM,54,2,56
3/5/14 0:00,6:00:00 PM,50,121,171
3/5/14 0:00,7:00:00 PM,21,98,119
3/5/14 0:00,8:00:00 PM,5,10,15
3/5/14 0:00,9:00:00 PM,6,43,49
3/5/14 0:00,10:00:00 PM,1,0,1
3/5/14 0:00,11:00:00 PM,1,0,1
3/6/14 0:00,12:00:00 AM,0,0,0
3/6/14 0:00,1:00:00 AM,0,0,0
3/6/14 0:00,2:00:00 AM,0,0,0
3/6/14 0:00,3:00:00 AM,0,0,0
3/6/14 0:00,4:00:00 AM,0,0,0
3/6/14 0:00,5:00:00 AM,19,0,19
3/6/14 0:00,6:00:00 AM,17,12,29
3/6/14 0:00,7:00:00 AM,22,1,23
3/6/14 0:00,8:00:00 AM,29,0,29
3/6/14 0:00,9:00:00 AM,41,2,43
3/6/14 0:00,10:00:00 AM,44,2,46
3/6/14 0:00,11:00:00 AM,60,1,61
3/6/14 0:00,12:00:00 PM,50,3,53
3/6/14 0:00,1:00:00 PM,57,0,57
3/6/14 0:00,2:00:00 PM,37,1,38
3/6/14 0:00,3:00:00 PM,65,2,67
3/6/14 0:00,4:00:00 PM,64,3,67
3/6/14 0:00,5:00:00 PM,65,7,72
3/6/14 0:00,6:00:00 PM,60,8,68
3/6/14 0:00,7:00:00 PM,32,102,134
3/6/14 0:00,8:00:00 PM,19,1,20
3/6/14 0:00,9:00:00 PM,12,2,14
3/6/14 0:00,10:00:00 PM,4,0,4
3/6/14 0:00,11:00:00 PM,0,0,0
3/7/14 0:00,12:00:00 AM,0,0,0
3/7/14 0:00,1:00:00 AM,0,0,0
3/7/14 0:00,2:00:00 AM,0,0,0
3/7/14 0:00,3:00:00 AM,0,0,0
3/7/14 0:00,4:00:00 AM,5,0,5
3/7/14 0:00,5:00:00 AM,27,0,27
3/7/14 0:00,6:00:00 AM,39,1,40
3/7/14 0:00,7:00:00 AM,48,0,48
3/7/14 0:00,8:00:00 AM,75,4,79
3/7/14 0:00,9:00:00 AM,110,8,118
3/7/14 0:00,10:00:00 AM,101,9,110
3/7/14 0:00,11:00:00 AM,76,18,94
3/7/14 0:00,12:00:00 PM,106,11,117
3/7/14 0:00,1:00:00 PM,63,4,67
3/7/14 0:00,2:00:00 PM,76,5,81
3/7/14 0:00,3:00:00 PM,73,8,81
3/7/14 0:00,4:00:00 PM,86,13,99
3/7/14 0:00,5:00:00 PM,87,3,90
3/7/14 0:00,6:00:00 PM,68,11,79
3/7/14 0:00,7:00:00 PM,46,163,209
3/7/14 0:00,8:00:00 PM,13,1,14
3/7/14 0:00,9:00:00 PM,10,16,26
3/7/14 0:00,10:00:00 PM,4,43,47
3/7/14 0:00,11:00:00 PM,2,0,2
3/8/14 0:00,12:00:00 AM,5,0,5
3/8/14 0:00,1:00:00 AM,4,0,4
3/8/14 0:00,2:00:00 AM,5,0,5
3/8/14 0:00,3:00:00 AM,0,3,3
3/8/14 0:00,4:00:00 AM,16,0,16
3/8/14 0:00,5:00:00 AM,87,3,90
3/8/14 0:00,6:00:00 AM,186,10,196
3/8/14 0:00,7:00:00 AM,281,45,326
3/8/14 0:00,8:00:00 AM,305,58,363
3/8/14 0:00,9:00:00 AM,347,85,432
3/8/14 0:00,10:00:00 AM,347,76,423
3/8/14 0:00,11:00:00 AM,327,75,402
3/8/14 0:00,12:00:00 PM,290,92,382
3/8/14 0:00,1:00:00 PM,275,76,351
3/8/14 0:00,2:00:00 PM,245,53,298
3/8/14 0:00,3:00:00 PM,277,39,316
3/8/14 0:00,4:00:00 PM,262,54,316
3/8/14 0:00,5:00:00 PM,226,24,250
3/8/14 0:00,6:00:00 PM,145,11,156
3/8/14 0:00,7:00:00 PM,70,36,106
3/8/14 0:00,8:00:00 PM,27,1,28
3/8/14 0:00,9:00:00 PM,5,0,5
3/8/14 0:00,10:00:00 PM,1,0,1
3/8/14 0:00,11:00:00 PM,4,0,4
3/9/14 0:00,12:00:00 AM,3,0,3
3/9/14 0:00,1:00:00 AM,0,0,0
3/9/14 0:00,2:00:00 AM,3,0,3
3/9/14 0:00,3:00:00 AM,12,0,12
3/9/14 0:00,4:00:00 AM,52,1,53
3/9/14 0:00,5:00:00 AM,101,6,107
3/9/14 0:00,6:00:00 AM,152,19,171
3/9/14 0:00,7:00:00 AM,206,35,241
3/9/14 0:00,8:00:00 AM,287,48,335
3/9/14 0:00,9:00:00 AM,260,70,330
3/9/14 0:00,10:00:00 AM,282,58,340
3/9/14 0:00,11:00:00 AM,249,60,309
3/9/14 0:00,12:00:00 PM,245,51,296
3/9/14 0:00,1:00:00 PM,257,74,331
3/9/14 0:00,2:00:00 PM,219,49,268
3/9/14 0:00,3:00:00 PM,178,27,205
3/9/14 0:00,4:00:00 PM,197,46,243
3/9/14 0:00,5:00:00 PM,154,18,172
3/9/14 0:00,6:00:00 PM,117,6,123
3/9/14 0:00,7:00:00 PM,38,1,39
3/9/14 0:00,8:00:00 PM,17,0,17
3/9/14 0:00,9:00:00 PM,4,0,4
3/9/14 0:00,10:00:00 PM,1,0,1
3/9/14 0:00,11:00:00 PM,0,0,0
3/10/14 0:00,12:00:00 AM,3,0,3
3/10/14 0:00,1:00:00 AM,0,0,0
3/10/14 0:00,2:00:00 AM,0,0,0
3/10/14 0:00,3:00:00 AM,3,0,3
3/10/14 0:00,4:00:00 AM,13,0,13
3/10/14 0:00,5:00:00 AM,26,0,26
3/10/14 0:00,6:00:00 AM,20,0,20
3/10/14 0:00,7:00:00 AM,28,0,28
3/10/14 0:00,8:00:00 AM,21,25,46
3/10/14 0:00,9:00:00 AM,35,3,38
3/10/14 0:00,11:00:00 AM,60,2,62
3/10/14 0:00,12:00:00 PM,53,3,56
3/10/14 0:00,1:00:00 PM,56,3,59
3/10/14 0:00,2:00:00 PM,81,2,83
3/10/14 0:00,3:00:00 PM,91,7,98
3/10/14 0:00,4:00:00 PM,70,1,71
3/10/14 0:00,5:00:00 PM,87,7,94
3/10/14 0:00,6:00:00 PM,73,0,73
3/10/14 0:00,7:00:00 PM,30,0,30
3/10/14 0:00,8:00:00 PM,8,0,8
3/10/14 0:00,9:00:00 PM,1,0,1
3/10/14 0:00,10:00:00 PM,0,0,0
3/10/14 0:00,11:00:00 PM,0,0,0
3/11/14 0:00,12:00:00 AM,0,0,0
3/11/14 0:00,1:00:00 AM,1,0,1
3/11/14 0:00,2:00:00 AM,1,0,1
3/11/14 0:00,3:00:00 AM,1,0,1
3/11/14 0:00,4:00:00 AM,8,0,8
3/11/14 0:00,5:00:00 AM,23,0,23
3/11/14 0:00,6:00:00 AM,13,0,13
3/11/14 0:00,7:00:00 AM,48,0,48
3/11/14 0:00,8:00:00 AM,58,0,58
3/11/14 0:00,9:00:00 AM,44,3,47
3/11/14 0:00,10:00:00 AM,48,4,52
3/11/14 0:00,11:00:00 AM,51,0,51
3/11/14 0:00,12:00:00 PM,46,1,47
3/11/14 0:00,1:00:00 PM,38,3,41
3/11/14 0:00,2:00:00 PM,64,4,68
3/11/14 0:00,3:00:00 PM,63,2,65
3/11/14 0:00,4:00:00 PM,91,41,132
3/11/14 0:00,5:00:00 PM,101,10,111
3/11/14 0:00,6:00:00 PM,93,2,95
3/11/14 0:00,7:00:00 PM,33,2,35
3/11/14 0:00,8:00:00 PM,14,0,14
3/11/14 0:00,9:00:00 PM,3,0,3
3/11/14 0:00,10:00:00 PM,0,2,2
3/11/14 0:00,11:00:00 PM,0,0,0
3/12/14 0:00,12:00:00 AM,0,0,0
3/12/14 0:00,1:00:00 AM,0,0,0
3/12/14 0:00,2:00:00 AM,0,0,0
3/12/14 0:00,3:00:00 AM,4,1,5
3/12/14 0:00,4:00:00 AM,8,1,9
3/12/14 0:00,5:00:00 AM,23,0,23
3/12/14 0:00,6:00:00 AM,29,0,29
3/12/14 0:00,7:00:00 AM,56,0,56
3/12/14 0:00,8:00:00 AM,65,5,70
3/12/14 0:00,9:00:00 AM,37,5,42
3/12/14 0:00,10:00:00 AM,43,7,50
3/12/14 0:00,11:00:00 AM,49,8,57
3/12/14 0:00,12:00:00 PM,63,4,67
3/12/14 0:00,1:00:00 PM,44,6,50
3/12/14 0:00,2:00:00 PM,85,3,88
3/12/14 0:00,3:00:00 PM,98,2,100
3/12/14 0:00,4:00:00 PM,88,8,96
3/12/14 0:00,5:00:00 PM,131,5,136
3/12/14 0:00,6:00:00 PM,114,2,116
3/12/14 0:00,7:00:00 PM,50,1,51
3/12/14 0:00,8:00:00 PM,17,0,17
3/12/14 0:00,9:00:00 PM,7,0,7
3/12/14 0:00,10:00:00 PM,2,0,2
3/12/14 0:00,11:00:00 PM,2,0,2
3/13/14 0:00,12:00:00 AM,6,0,6
3/13/14 0:00,1:00:00 AM,0,0,0
3/13/14 0:00,2:00:00 AM,0,0,0
3/13/14 0:00,3:00:00 AM,11,0,11
3/13/14 0:00,4:00:00 AM,22,1,23
3/13/14 0:00,5:00:00 AM,33,3,36
3/13/14 0:00,6:00:00 AM,47,3,50
3/13/14 0:00,7:00:00 AM,57,6,63
3/13/14 0:00,8:00:00 AM,80,7,87
3/13/14 0:00,9:00:00 AM,52,2,54
3/13/14 0:00,10:00:00 AM,43,3,46
3/13/14 0:00,11:00:00 AM,69,3,72
3/13/14 0:00,12:00:00 PM,57,8,65
3/13/14 0:00,1:00:00 PM,47,3,50
3/13/14 0:00,2:00:00 PM,69,0,69
3/13/14 0:00,3:00:00 PM,81,5,86
3/13/14 0:00,4:00:00 PM,104,6,110
3/13/14 0:00,5:00:00 PM,122,3,125
3/13/14 0:00,6:00:00 PM,112,4,116
3/13/14 0:00,7:00:00 PM,59,1,60
3/13/14 0:00,8:00:00 PM,31,0,31
3/13/14 0:00,9:00:00 PM,11,0,11
3/13/14 0:00,10:00:00 PM,3,0,3
3/13/14 0:00,11:00:00 PM,0,0,0
3/14/14 0:00,12:00:00 AM,0,0,0
3/14/14 0:00,1:00:00 AM,0,0,0
3/14/14 0:00,2:00:00 AM,0,0,0
3/14/14 0:00,3:00:00 AM,7,1,8
3/14/14 0:00,4:00:00 AM,27,1,28
3/14/14 0:00,5:00:00 AM,38,1,39
3/14/14 0:00,6:00:00 AM,64,2,66
3/14/14 0:00,7:00:00 AM,88,6,94
3/14/14 0:00,8:00:00 AM,102,6,108
3/14/14 0:00,9:00:00 AM,75,11,86
3/14/14 0:00,10:00:00 AM,66,12,78
3/14/14 0:00,11:00:00 AM,75,7,82
3/14/14 0:00,12:00:00 PM,77,2,79
3/14/14 0:00,1:00:00 PM,84,5,89
3/14/14 0:00,2:00:00 PM,63,5,68
3/14/14 0:00,3:00:00 PM,87,9,96
3/14/14 0:00,4:00:00 PM,91,3,94
3/14/14 0:00,5:00:00 PM,127,10,137
3/14/14 0:00,6:00:00 PM,90,139,229
3/14/14 0:00,7:00:00 PM,51,174,225
3/14/14 0:00,8:00:00 PM,25,7,32
3/14/14 0:00,9:00:00 PM,16,0,16
3/14/14 0:00,10:00:00 PM,6,3,9
3/14/14 0:00,11:00:00 PM,3,9,12
3/15/14 0:00,12:00:00 AM,1,0,1
3/15/14 0:00,1:00:00 AM,0,83,83
3/15/14 0:00,2:00:00 AM,0,2,2
3/15/14 0:00,3:00:00 AM,24,0,24
3/15/14 0:00,4:00:00 AM,119,2,121
3/15/14 0:00,5:00:00 AM,217,6,223
3/15/14 0:00,6:00:00 AM,242,39,281
3/15/14 0:00,7:00:00 AM,363,64,427
3/15/14 0:00,8:00:00 AM,278,58,336
3/15/14 0:00,9:00:00 AM,232,76,308
3/15/14 0:00,10:00:00 AM,237,60,297
3/15/14 0:00,11:00:00 AM,174,38,212
3/15/14 0:00,12:00:00 PM,151,37,188
3/15/14 0:00,1:00:00 PM,177,30,207
3/15/14 0:00,2:00:00 PM,127,28,155
3/15/14 0:00,3:00:00 PM,150,37,187
3/15/14 0:00,4:00:00 PM,197,34,231
3/15/14 0:00,5:00:00 PM,183,27,210
3/15/14 0:00,6:00:00 PM,167,11,178
3/15/14 0:00,7:00:00 PM,108,9,117
3/15/14 0:00,8:00:00 PM,42,6,48
3/15/14 0:00,9:00:00 PM,39,1,40
3/15/14 0:00,10:00:00 PM,6,2,8
3/15/14 0:00,11:00:00 PM,3,0,3
3/16/14 0:00,12:00:00 AM,0,3,3
3/16/14 0:00,1:00:00 AM,0,0,0
3/16/14 0:00,2:00:00 AM,4,0,4
3/16/14 0:00,3:00:00 AM,12,1,13
3/16/14 0:00,4:00:00 AM,67,2,69
3/16/14 0:00,5:00:00 AM,152,18,170
3/16/14 0:00,6:00:00 AM,278,48,326
3/16/14 0:00,7:00:00 AM,337,58,395
3/16/14 0:00,8:00:00 AM,304,75,379
3/16/14 0:00,9:00:00 AM,227,88,315
3/16/14 0:00,10:00:00 AM,222,64,286
3/16/14 0:00,11:00:00 AM,200,67,267
3/16/14 0:00,12:00:00 PM,204,53,257
3/16/14 0:00,1:00:00 PM,178,24,202
3/16/14 0:00,2:00:00 PM,159,21,180
3/16/14 0:00,3:00:00 PM,192,18,210
3/16/14 0:00,4:00:00 PM,154,29,183
3/16/14 0:00,5:00:00 PM,177,30,207
3/16/14 0:00,6:00:00 PM,149,7,156
3/16/14 0:00,7:00:00 PM,83,7,90
3/16/14 0:00,8:00:00 PM,53,1,54
3/16/14 0:00,9:00:00 PM,12,0,12
3/16/14 0:00,10:00:00 PM,3,0,3
3/16/14 0:00,11:00:00 PM,0,0,0
3/17/14 0:00,12:00:00 AM,0,0,0
3/17/14 0:00,1:00:00 AM,1,0,1
3/17/14 0:00,2:00:00 AM,0,0,0
3/17/14 0:00,3:00:00 AM,9,1,10
3/17/14 0:00,4:00:00 AM,17,1,18
3/17/14 0:00,5:00:00 AM,33,0,33
3/17/14 0:00,6:00:00 AM,35,2,37
3/17/14 0:00,7:00:00 AM,69,3,72
3/17/14 0:00,8:00:00 AM,78,5,83
3/17/14 0:00,9:00:00 AM,62,6,68
3/17/14 0:00,10:00:00 AM,49,31,80
3/17/14 0:00,11:00:00 AM,85,3,88
3/17/14 0:00,12:00:00 PM,62,7,69
3/17/14 0:00,1:00:00 PM,55,42,97
3/17/14 0:00,2:00:00 PM,68,7,75
3/17/14 0:00,3:00:00 PM,58,15,73
3/17/14 0:00,4:00:00 PM,82,5,87
3/17/14 0:00,5:00:00 PM,107,7,114
3/17/14 0:00,6:00:00 PM,105,41,146
3/17/14 0:00,7:00:00 PM,46,9,55
3/17/14 0:00,8:00:00 PM,13,7,20
3/17/14 0:00,9:00:00 PM,8,2,10
3/17/14 0:00,10:00:00 PM,2,0,2
3/17/14 0:00,11:00:00 PM,1,1,2
3/18/14 0:00,12:00:00 AM,0,0,0
3/18/14 0:00,1:00:00 AM,0,0,0
3/18/14 0:00,2:00:00 AM,0,0,0
3/18/14 0:00,3:00:00 AM,5,1,6
3/18/14 0:00,4:00:00 AM,30,1,31
3/18/14 0:00,5:00:00 AM,28,0,28
3/18/14 0:00,6:00:00 AM,41,0,41
3/18/14 0:00,7:00:00 AM,65,0,65
3/18/14 0:00,8:00:00 AM,50,34,84
3/18/14 0:00,9:00:00 AM,24,6,30
3/18/14 0:00,10:00:00 AM,44,1,45
3/18/14 0:00,11:00:00 AM,68,2,70
3/18/14 0:00,12:00:00 PM,47,253,300
3/18/14 0:00,1:00:00 PM,53,25,78
3/18/14 0:00,2:00:00 PM,60,2,62
3/18/14 0:00,3:00:00 PM,63,3,66
3/18/14 0:00,4:00:00 PM,85,10,95
3/18/14 0:00,5:00:00 PM,110,15,125
3/18/14 0:00,6:00:00 PM,96,9,105
3/18/14 0:00,7:00:00 PM,48,6,54
3/18/14 0:00,8:00:00 PM,10,0,10
3/18/14 0:00,9:00:00 PM,3,0,3
3/18/14 0:00,10:00:00 PM,4,0,4
3/18/14 0:00,11:00:00 PM,2,0,2
3/19/14 0:00,12:00:00 AM,0,0,0
3/19/14 0:00,1:00:00 AM,0,0,0
3/19/14 0:00,2:00:00 AM,0,0,0
3/19/14 0:00,3:00:00 AM,7,0,7
3/19/14 0:00,4:00:00 AM,26,2,28
3/19/14 0:00,5:00:00 AM,31,1,32
3/19/14 0:00,6:00:00 AM,54,1,55
3/19/14 0:00,7:00:00 AM,79,0,79
3/19/14 0:00,8:00:00 AM,49,4,53
3/19/14 0:00,9:00:00 AM,38,29,67
3/19/14 0:00,10:00:00 AM,41,9,50
3/19/14 0:00,11:00:00 AM,54,3,57
3/19/14 0:00,12:00:00 PM,56,8,64
3/19/14 0:00,1:00:00 PM,44,4,48
3/19/14 0:00,2:00:00 PM,62,5,67
3/19/14 0:00,3:00:00 PM,56,4,60
3/19/14 0:00,4:00:00 PM,78,7,85
3/19/14 0:00,5:00:00 PM,102,10,112
3/19/14 0:00,6:00:00 PM,105,67,172
3/19/14 0:00,7:00:00 PM,60,1,61
3/19/14 0:00,8:00:00 PM,25,2,27
3/19/14 0:00,9:00:00 PM,6,0,6
3/19/14 0:00,10:00:00 PM,1,0,1
3/19/14 0:00,11:00:00 PM,0,0,0
3/20/14 0:00,12:00:00 AM,0,0,0
3/20/14 0:00,1:00:00 AM,0,0,0
3/20/14 0:00,2:00:00 AM,0,0,0
3/20/14 0:00,3:00:00 AM,5,0,5
3/20/14 0:00,4:00:00 AM,32,0,32
3/20/14 0:00,5:00:00 AM,30,2,32
3/20/14 0:00,6:00:00 AM,51,3,54
3/20/14 0:00,7:00:00 AM,64,13,77
3/20/14 0:00,8:00:00 AM,92,0,92
3/20/14 0:00,9:00:00 AM,48,18,66
3/20/14 0:00,10:00:00 AM,42,0,42
3/20/14 0:00,11:00:00 AM,60,4,64
3/20/14 0:00,12:00:00 PM,60,20,80
3/20/14 0:00,1:00:00 PM,48,9,57
3/20/14 0:00,2:00:00 PM,48,11,59
3/20/14 0:00,3:00:00 PM,58,26,84
3/20/14 0:00,4:00:00 PM,55,9,64
3/20/14 0:00,5:00:00 PM,93,13,106
3/20/14 0:00,6:00:00 PM,67,3,70
3/20/14 0:00,7:00:00 PM,39,1,40
3/20/14 0:00,8:00:00 PM,17,0,17
3/20/14 0:00,9:00:00 PM,6,0,6
3/20/14 0:00,10:00:00 PM,2,0,2
3/20/14 0:00,11:00:00 PM,2,2,4
3/21/14 0:00,12:00:00 AM,0,0,0
3/21/14 0:00,1:00:00 AM,0,0,0
3/21/14 0:00,2:00:00 AM,0,0,0
3/21/14 0:00,3:00:00 AM,7,1,8
3/21/14 0:00,4:00:00 AM,21,1,22
3/21/14 0:00,5:00:00 AM,41,0,41
3/21/14 0:00,6:00:00 AM,55,3,58
3/21/14 0:00,7:00:00 AM,77,6,83
3/21/14 0:00,8:00:00 AM,102,10,112
3/21/14 0:00,9:00:00 AM,77,10,87
3/21/14 0:00,10:00:00 AM,75,11,86
3/21/14 0:00,11:00:00 AM,77,10,87
3/21/14 0:00,12:00:00 PM,73,4,77
3/21/14 0:00,1:00:00 PM,60,6,66
3/21/14 0:00,2:00:00 PM,63,26,89
3/21/14 0:00,3:00:00 PM,56,10,66
3/21/14 0:00,4:00:00 PM,156,26,182
3/21/14 0:00,5:00:00 PM,83,5,88
3/21/14 0:00,6:00:00 PM,111,3,114
3/21/14 0:00,7:00:00 PM,58,0,58
3/21/14 0:00,8:00:00 PM,19,0,19
3/21/14 0:00,9:00:00 PM,4,0,4
3/21/14 0:00,10:00:00 PM,9,0,9
3/21/14 0:00,11:00:00 PM,0,0,0
3/22/14 0:00,12:00:00 AM,3,0,3
3/22/14 0:00,1:00:00 AM,0,0,0
3/22/14 0:00,2:00:00 AM,0,3,3
3/22/14 0:00,3:00:00 AM,27,1,28
3/22/14 0:00,4:00:00 AM,104,4,108
3/22/14 0:00,5:00:00 AM,199,19,218
3/22/14 0:00,6:00:00 AM,247,30,277
3/22/14 0:00,7:00:00 AM,271,87,358
3/22/14 0:00,8:00:00 AM,291,104,395
3/22/14 0:00,9:00:00 AM,227,102,329
3/22/14 0:00,10:00:00 AM,222,55,277
3/22/14 0:00,11:00:00 AM,190,37,227
3/22/14 0:00,12:00:00 PM,204,44,248
3/22/14 0:00,1:00:00 PM,185,44,229
3/22/14 0:00,2:00:00 PM,168,21,189
3/22/14 0:00,3:00:00 PM,148,15,163
3/22/14 0:00,4:00:00 PM,167,32,199
3/22/14 0:00,5:00:00 PM,159,15,174
3/22/14 0:00,6:00:00 PM,112,10,122
3/22/14 0:00,7:00:00 PM,91,4,95
3/22/14 0:00,8:00:00 PM,40,1,41
3/22/14 0:00,9:00:00 PM,2,0,2
3/22/14 0:00,10:00:00 PM,1,0,1
3/22/14 0:00,11:00:00 PM,0,0,0
3/23/14 0:00,12:00:00 AM,4,0,4
3/23/14 0:00,1:00:00 AM,0,0,0
3/23/14 0:00,2:00:00 AM,1,0,1
3/23/14 0:00,3:00:00 AM,16,1,17
3/23/14 0:00,4:00:00 AM,98,2,100
3/23/14 0:00,5:00:00 AM,166,20,186
3/23/14 0:00,6:00:00 AM,207,40,247
3/23/14 0:00,7:00:00 AM,279,87,366
3/23/14 0:00,8:00:00 AM,248,71,319
3/23/14 0:00,9:00:00 AM,261,62,323
3/23/14 0:00,10:00:00 AM,278,109,387
3/23/14 0:00,11:00:00 AM,256,56,312
3/23/14 0:00,12:00:00 PM,246,57,303
3/23/14 0:00,1:00:00 PM,197,28,225
3/23/14 0:00,2:00:00 PM,173,34,207
3/23/14 0:00,3:00:00 PM,186,41,227
3/23/14 0:00,4:00:00 PM,186,54,240
3/23/14 0:00,5:00:00 PM,139,18,157
3/23/14 0:00,6:00:00 PM,140,17,157
3/23/14 0:00,7:00:00 PM,100,10,110
3/23/14 0:00,8:00:00 PM,16,0,16
3/23/14 0:00,9:00:00 PM,4,0,4
3/23/14 0:00,10:00:00 PM,0,0,0
3/23/14 0:00,11:00:00 PM,0,0,0
3/24/14 0:00,12:00:00 AM,3,0,3
3/24/14 0:00,1:00:00 AM,0,0,0
3/24/14 0:00,2:00:00 AM,0,0,0
3/24/14 0:00,3:00:00 AM,6,0,6
3/24/14 0:00,4:00:00 AM,24,0,24
3/24/14 0:00,5:00:00 AM,39,0,39
3/24/14 0:00,6:00:00 AM,52,1,53
3/24/14 0:00,7:00:00 AM,74,9,83
3/24/14 0:00,8:00:00 AM,71,42,113
3/24/14 0:00,9:00:00 AM,68,13,81
3/24/14 0:00,10:00:00 AM,58,13,71
3/24/14 0:00,11:00:00 AM,101,9,110
3/24/14 0:00,12:00:00 PM,79,6,85
3/24/14 0:00,2:00:00 PM,63,4,67
3/24/14 0:00,3:00:00 PM,64,10,74
3/24/14 0:00,4:00:00 PM,87,4,91
3/24/14 0:00,5:00:00 PM,111,9,120
3/24/14 0:00,6:00:00 PM,126,4,130
3/24/14 0:00,7:00:00 PM,64,2,66
3/24/14 0:00,8:00:00 PM,27,0,27
3/24/14 0:00,9:00:00 PM,22,0,22
3/24/14 0:00,10:00:00 PM,1,0,1
3/24/14 0:00,11:00:00 PM,4,0,4
3/25/14 0:00,12:00:00 AM,0,0,0
3/25/14 0:00,1:00:00 AM,0,0,0
3/25/14 0:00,2:00:00 AM,0,0,0
3/25/14 0:00,3:00:00 AM,4,0,4
3/25/14 0:00,4:00:00 AM,21,2,23
3/25/14 0:00,5:00:00 AM,48,3,51
3/25/14 0:00,6:00:00 AM,55,1,56
3/25/14 0:00,7:00:00 AM,111,4,115
3/25/14 0:00,8:00:00 AM,115,2,117
3/25/14 0:00,9:00:00 AM,76,3,79
3/25/14 0:00,10:00:00 AM,77,7,84
3/25/14 0:00,11:00:00 AM,100,3,103
3/25/14 0:00,12:00:00 PM,54,3,57
3/25/14 0:00,1:00:00 PM,44,1,45
3/25/14 0:00,2:00:00 PM,31,0,31
3/25/14 0:00,3:00:00 PM,20,0,20
3/25/14 0:00,4:00:00 PM,21,0,21
3/25/14 0:00,5:00:00 PM,28,0,28
3/25/14 0:00,6:00:00 PM,33,0,33
3/25/14 0:00,7:00:00 PM,14,0,14
3/25/14 0:00,8:00:00 PM,5,0,5
3/25/14 0:00,9:00:00 PM,2,0,2
3/25/14 0:00,10:00:00 PM,0,0,0
3/25/14 0:00,11:00:00 PM,0,0,0
3/26/14 0:00,12:00:00 AM,0,0,0
3/26/14 0:00,1:00:00 AM,0,0,0
3/26/14 0:00,2:00:00 AM,0,0,0
3/26/14 0:00,3:00:00 AM,6,0,6
3/26/14 0:00,4:00:00 AM,10,0,10
3/26/14 0:00,5:00:00 AM,25,0,25
3/26/14 0:00,6:00:00 AM,11,0,11
3/26/14 0:00,7:00:00 AM,11,0,11
3/26/14 0:00,8:00:00 AM,13,0,13
3/26/14 0:00,9:00:00 AM,12,0,12
3/26/14 0:00,10:00:00 AM,3,0,3
3/26/14 0:00,11:00:00 AM,16,0,16
3/26/14 0:00,12:00:00 PM,9,0,9
3/26/14 0:00,1:00:00 PM,8,0,8
3/26/14 0:00,2:00:00 PM,16,0,16
3/26/14 0:00,3:00:00 PM,21,0,21
3/26/14 0:00,4:00:00 PM,46,0,46
3/26/14 0:00,5:00:00 PM,50,0,50
3/26/14 0:00,6:00:00 PM,27,0,27
3/26/14 0:00,7:00:00 PM,26,0,26
3/26/14 0:00,8:00:00 PM,5,0,5
3/26/14 0:00,9:00:00 PM,2,0,2
3/26/14 0:00,10:00:00 PM,2,0,2
3/26/14 0:00,11:00:00 PM,0,0,0
3/27/14 0:00,12:00:00 AM,0,0,0
3/27/14 0:00,1:00:00 AM,0,0,0
3/27/14 0:00,2:00:00 AM,0,0,0
3/27/14 0:00,3:00:00 AM,6,0,6
3/27/14 0:00,4:00:00 AM,29,0,29
3/27/14 0:00,5:00:00 AM,44,0,44
3/27/14 0:00,6:00:00 AM,37,0,37
3/27/14 0:00,7:00:00 AM,69,0,69
3/27/14 0:00,8:00:00 AM,63,0,63
3/27/14 0:00,9:00:00 AM,41,0,41
3/27/14 0:00,10:00:00 AM,57,0,57
3/27/14 0:00,11:00:00 AM,54,0,54
3/27/14 0:00,12:00:00 PM,52,0,52
3/27/14 0:00,1:00:00 PM,38,0,38
3/27/14 0:00,2:00:00 PM,46,5,51
3/27/14 0:00,3:00:00 PM,56,2,58
3/27/14 0:00,4:00:00 PM,75,8,83
3/27/14 0:00,5:00:00 PM,102,7,109
3/27/14 0:00,6:00:00 PM,68,0,68
3/27/14 0:00,7:00:00 PM,48,0,48
3/27/14 0:00,8:00:00 PM,12,0,12
3/27/14 0:00,9:00:00 PM,3,0,3
3/27/14 0:00,10:00:00 PM,5,0,5
3/27/14 0:00,11:00:00 PM,0,0,0
3/28/14 0:00,12:00:00 AM,0,0,0
3/28/14 0:00,1:00:00 AM,2,0,2
3/28/14 0:00,2:00:00 AM,0,0,0
3/28/14 0:00,3:00:00 AM,11,0,11
3/28/14 0:00,4:00:00 AM,26,0,26
3/28/14 0:00,5:00:00 AM,44,0,44
3/28/14 0:00,6:00:00 AM,58,0,58
3/28/14 0:00,7:00:00 AM,91,0,91
3/28/14 0:00,8:00:00 AM,64,0,64
3/28/14 0:00,9:00:00 AM,97,0,97
3/28/14 0:00,10:00:00 AM,68,0,68
3/28/14 0:00,11:00:00 AM,63,0,63
3/28/14 0:00,12:00:00 PM,68,0,68
3/28/14 0:00,1:00:00 PM,62,0,62
3/28/14 0:00,2:00:00 PM,54,0,54
3/28/14 0:00,3:00:00 PM,85,0,85
3/28/14 0:00,4:00:00 PM,92,0,92
3/28/14 0:00,5:00:00 PM,126,0,126
3/28/14 0:00,6:00:00 PM,105,0,105
3/28/14 0:00,7:00:00 PM,60,0,60
3/28/14 0:00,8:00:00 PM,27,0,27
3/28/14 0:00,9:00:00 PM,11,0,11
3/28/14 0:00,10:00:00 PM,3,0,3
3/28/14 0:00,11:00:00 PM,1,0,1
3/29/14 0:00,12:00:00 AM,0,0,0
3/29/14 0:00,1:00:00 AM,0,0,0
3/29/14 0:00,2:00:00 AM,1,0,1
3/29/14 0:00,3:00:00 AM,13,0,13
3/29/14 0:00,4:00:00 AM,61,0,61
3/29/14 0:00,5:00:00 AM,65,0,65
3/29/14 0:00,6:00:00 AM,94,0,94
3/29/14 0:00,7:00:00 AM,105,0,105
3/29/14 0:00,8:00:00 AM,67,0,67
3/29/14 0:00,9:00:00 AM,47,0,47
3/29/14 0:00,10:00:00 AM,51,0,51
3/29/14 0:00,11:00:00 AM,29,0,29
3/29/14 0:00,12:00:00 PM,5,0,5
3/29/14 0:00,1:00:00 PM,10,0,10
3/29/14 0:00,2:00:00 PM,13,0,13
3/29/14 0:00,3:00:00 PM,10,0,10
3/29/14 0:00,4:00:00 PM,8,0,8
3/29/14 0:00,5:00:00 PM,7,0,7
3/29/14 0:00,6:00:00 PM,0,0,0
3/29/14 0:00,7:00:00 PM,0,0,0
3/29/14 0:00,8:00:00 PM,1,0,1
3/29/14 0:00,9:00:00 PM,0,0,0
3/29/14 0:00,10:00:00 PM,0,0,0
3/29/14 0:00,11:00:00 PM,0,0,0
3/30/14 0:00,12:00:00 AM,0,0,0
3/30/14 0:00,1:00:00 AM,0,0,0
3/30/14 0:00,2:00:00 AM,0,0,0
3/30/14 0:00,3:00:00 AM,9,0,9
3/30/14 0:00,4:00:00 AM,28,0,28
3/30/14 0:00,5:00:00 AM,54,0,54
3/30/14 0:00,6:00:00 AM,61,0,61
3/30/14 0:00,7:00:00 AM,72,0,72
3/30/14 0:00,8:00:00 AM,122,0,122
3/30/14 0:00,9:00:00 AM,121,0,121
3/30/14 0:00,10:00:00 AM,86,0,86
3/30/14 0:00,11:00:00 AM,81,0,81
3/30/14 0:00,12:00:00 PM,100,0,100
3/30/14 0:00,1:00:00 PM,99,0,99
3/30/14 0:00,2:00:00 PM,97,0,97
3/30/14 0:00,3:00:00 PM,162,0,162
3/30/14 0:00,4:00:00 PM,148,0,148
3/30/14 0:00,5:00:00 PM,103,0,103
3/30/14 0:00,6:00:00 PM,23,0,23
3/30/14 0:00,7:00:00 PM,28,0,28
3/30/14 0:00,8:00:00 PM,18,0,18
3/30/14 0:00,9:00:00 PM,5,0,5
3/30/14 0:00,10:00:00 PM,2,0,2
3/30/14 0:00,11:00:00 PM,2,0,2
3/31/14 0:00,12:00:00 AM,1,0,1
3/31/14 0:00,1:00:00 AM,0,0,0
3/31/14 0:00,2:00:00 AM,0,0,0
3/31/14 0:00,3:00:00 AM,8,0,8
3/31/14 0:00,4:00:00 AM,7,0,7
3/31/14 0:00,5:00:00 AM,27,0,27
3/31/14 0:00,6:00:00 AM,20,0,20
3/31/14 0:00,7:00:00 AM,26,0,26
3/31/14 0:00,8:00:00 AM,25,0,25
3/31/14 0:00,9:00:00 AM,31,0,31
3/31/14 0:00,10:00:00 AM,26,0,26
3/31/14 0:00,11:00:00 AM,14,0,14
3/31/14 0:00,12:00:00 PM,15,0,15
3/31/14 0:00,1:00:00 PM,2,0,2
3/31/14 0:00,2:00:00 PM,0,0,0
3/31/14 0:00,3:00:00 PM,4,0,4
3/31/14 0:00,4:00:00 PM,9,0,9
3/31/14 0:00,5:00:00 PM,26,0,26
3/31/14 0:00,6:00:00 PM,7,0,7
3/31/14 0:00,7:00:00 PM,2,0,2
3/31/14 0:00,8:00:00 PM,1,0,1
3/31/14 0:00,9:00:00 PM,0,0,0
3/31/14 0:00,10:00:00 PM,0,0,0
3/31/14 0:00,11:00:00 PM,0,0,0
4/1/14 0:00,12:00:00 AM,0,0,0
4/1/14 0:00,1:00:00 AM,0,0,0
4/1/14 0:00,2:00:00 AM,0,0,0
4/1/14 0:00,3:00:00 AM,0,0,0
4/1/14 0:00,4:00:00 AM,0,0,0
4/1/14 0:00,5:00:00 AM,1,0,1
4/1/14 0:00,6:00:00 AM,7,0,7
4/1/14 0:00,7:00:00 AM,3,0,3
4/1/14 0:00,8:00:00 AM,7,0,7
4/1/14 0:00,10:00:00 AM,8,1,9
4/1/14 0:00,11:00:00 AM,6,1,7
4/1/14 0:00,12:00:00 PM,3,1,4
4/1/14 0:00,1:00:00 PM,6,0,6
4/1/14 0:00,2:00:00 PM,11,0,11
4/1/14 0:00,3:00:00 PM,9,2,11
4/1/14 0:00,4:00:00 PM,3,0,3
4/1/14 0:00,5:00:00 PM,1,0,1
4/1/14 0:00,6:00:00 PM,0,0,0
4/1/14 0:00,7:00:00 PM,0,0,0
4/1/14 0:00,8:00:00 PM,1,0,1
4/1/14 0:00,9:00:00 PM,0,0,0
4/1/14 0:00,10:00:00 PM,0,0,0
4/1/14 0:00,11:00:00 PM,0,0,0
4/2/14 0:00,12:00:00 AM,0,0,0
4/2/14 0:00,1:00:00 AM,0,0,0
4/2/14 0:00,2:00:00 AM,0,0,0
4/2/14 0:00,3:00:00 AM,0,0,0
4/2/14 0:00,4:00:00 AM,5,0,5
4/2/14 0:00,5:00:00 AM,10,0,10
4/2/14 0:00,6:00:00 AM,15,0,15
4/2/14 0:00,7:00:00 AM,18,0,18
4/2/14 0:00,8:00:00 AM,31,0,31
4/2/14 0:00,9:00:00 AM,21,3,24
4/2/14 0:00,10:00:00 AM,21,2,23
4/2/14 0:00,11:00:00 AM,21,1,22
4/2/14 0:00,12:00:00 PM,26,1,27
4/2/14 0:00,1:00:00 PM,24,2,26
4/2/14 0:00,2:00:00 PM,19,0,19
4/2/14 0:00,3:00:00 PM,34,9,43
4/2/14 0:00,4:00:00 PM,72,2,74
4/2/14 0:00,5:00:00 PM,71,6,77
4/2/14 0:00,6:00:00 PM,33,6,39
4/2/14 0:00,7:00:00 PM,18,0,18
4/2/14 0:00,8:00:00 PM,11,0,11
4/2/14 0:00,9:00:00 PM,5,0,5
4/2/14 0:00,10:00:00 PM,1,0,1
4/2/14 0:00,11:00:00 PM,0,0,0
4/3/14 0:00,12:00:00 AM,0,0,0
4/3/14 0:00,1:00:00 AM,0,0,0
4/3/14 0:00,2:00:00 AM,1,0,1
4/3/14 0:00,3:00:00 AM,3,1,4
4/3/14 0:00,4:00:00 AM,24,1,25
4/3/14 0:00,5:00:00 AM,25,2,27
4/3/14 0:00,6:00:00 AM,29,2,31
4/3/14 0:00,7:00:00 AM,28,1,29
4/3/14 0:00,8:00:00 AM,44,5,49
4/3/14 0:00,9:00:00 AM,48,11,59
4/3/14 0:00,10:00:00 AM,42,3,45
4/3/14 0:00,11:00:00 AM,40,5,45
4/3/14 0:00,12:00:00 PM,43,3,46
4/3/14 0:00,1:00:00 PM,25,1,26
4/3/14 0:00,2:00:00 PM,45,5,50
4/3/14 0:00,3:00:00 PM,49,4,53
4/3/14 0:00,4:00:00 PM,67,17,84
4/3/14 0:00,5:00:00 PM,56,2,58
4/3/14 0:00,6:00:00 PM,43,7,50
4/3/14 0:00,7:00:00 PM,24,2,26
4/3/14 0:00,8:00:00 PM,18,0,18
4/3/14 0:00,9:00:00 PM,2,0,2
4/3/14 0:00,10:00:00 PM,1,0,1
4/3/14 0:00,11:00:00 PM,0,0,0
4/4/14 0:00,12:00:00 AM,0,0,0
4/4/14 0:00,1:00:00 AM,0,0,0
4/4/14 0:00,2:00:00 AM,0,0,0
4/4/14 0:00,3:00:00 AM,6,0,6
4/4/14 0:00,4:00:00 AM,4,0,4
4/4/14 0:00,5:00:00 AM,7,0,7
4/4/14 0:00,6:00:00 AM,17,3,20
4/4/14 0:00,7:00:00 AM,20,0,20
4/4/14 0:00,8:00:00 AM,8,3,11
4/4/14 0:00,9:00:00 AM,17,0,17
4/4/14 0:00,10:00:00 AM,14,1,15
4/4/14 0:00,11:00:00 AM,7,0,7
4/4/14 0:00,12:00:00 PM,10,1,11
4/4/14 0:00,1:00:00 PM,8,0,8
4/4/14 0:00,2:00:00 PM,15,0,15
4/4/14 0:00,3:00:00 PM,21,2,23
4/4/14 0:00,4:00:00 PM,28,1,29
4/4/14 0:00,5:00:00 PM,9,0,9
4/4/14 0:00,6:00:00 PM,14,1,15
4/4/14 0:00,7:00:00 PM,0,0,0
4/4/14 0:00,8:00:00 PM,0,0,0
4/4/14 0:00,9:00:00 PM,0,0,0
4/4/14 0:00,10:00:00 PM,0,0,0
4/4/14 0:00,11:00:00 PM,0,0,0
4/5/14 0:00,12:00:00 AM,0,0,0
4/5/14 0:00,1:00:00 AM,0,0,0
4/5/14 0:00,2:00:00 AM,0,0,0
4/5/14 0:00,3:00:00 AM,9,0,9
4/5/14 0:00,4:00:00 AM,48,1,49
4/5/14 0:00,5:00:00 AM,104,2,106
4/5/14 0:00,6:00:00 AM,116,13,129
4/5/14 0:00,7:00:00 AM,134,16,150
4/5/14 0:00,8:00:00 AM,137,36,173
4/5/14 0:00,9:00:00 AM,117,39,156
4/5/14 0:00,10:00:00 AM,119,36,155
4/5/14 0:00,11:00:00 AM,90,22,112
4/5/14 0:00,12:00:00 PM,84,35,119
4/5/14 0:00,1:00:00 PM,88,41,129
4/5/14 0:00,2:00:00 PM,114,41,155
4/5/14 0:00,3:00:00 PM,140,64,204
4/5/14 0:00,4:00:00 PM,96,32,128
4/5/14 0:00,5:00:00 PM,80,23,103
4/5/14 0:00,6:00:00 PM,58,6,64
4/5/14 0:00,7:00:00 PM,34,272,306
4/5/14 0:00,8:00:00 PM,8,207,215
4/5/14 0:00,9:00:00 PM,2,170,172
4/5/14 0:00,10:00:00 PM,2,0,2
4/5/14 0:00,11:00:00 PM,6,27,33
4/6/14 0:00,12:00:00 AM,1,16,17
4/6/14 0:00,1:00:00 AM,0,61,61
4/6/14 0:00,2:00:00 AM,0,0,0
4/6/14 0:00,3:00:00 AM,11,1,12
4/6/14 0:00,4:00:00 AM,49,0,49
4/6/14 0:00,5:00:00 AM,115,10,125
4/6/14 0:00,6:00:00 AM,77,184,261
4/6/14 0:00,7:00:00 AM,120,51,171
4/6/14 0:00,8:00:00 AM,147,71,218
4/6/14 0:00,9:00:00 AM,165,67,232
4/6/14 0:00,10:00:00 AM,148,67,215
4/6/14 0:00,11:00:00 AM,121,48,169
4/6/14 0:00,12:00:00 PM,92,31,123
4/6/14 0:00,1:00:00 PM,93,36,129
4/6/14 0:00,2:00:00 PM,118,40,158
4/6/14 0:00,3:00:00 PM,98,28,126
4/6/14 0:00,4:00:00 PM,156,24,180
4/6/14 0:00,5:00:00 PM,113,16,129
4/6/14 0:00,6:00:00 PM,78,6,84
4/6/14 0:00,7:00:00 PM,41,6,47
4/6/14 0:00,8:00:00 PM,19,2,21
4/6/14 0:00,9:00:00 PM,4,0,4
4/6/14 0:00,10:00:00 PM,2,0,2
4/6/14 0:00,11:00:00 PM,1,0,1
4/7/14 0:00,12:00:00 AM,0,0,0
4/7/14 0:00,1:00:00 AM,0,0,0
4/7/14 0:00,2:00:00 AM,0,0,0
4/7/14 0:00,3:00:00 AM,4,1,5
4/7/14 0:00,4:00:00 AM,9,1,10
4/7/14 0:00,5:00:00 AM,25,0,25
4/7/14 0:00,6:00:00 AM,32,4,36
4/7/14 0:00,7:00:00 AM,46,3,49
4/7/14 0:00,8:00:00 AM,39,4,43
4/7/14 0:00,10:00:00 AM,15,12,27
4/7/14 0:00,11:00:00 AM,8,3,11
4/7/14 0:00,12:00:00 PM,17,2,19
4/7/14 0:00,1:00:00 PM,12,2,14
4/7/14 0:00,2:00:00 PM,24,3,27
4/7/14 0:00,3:00:00 PM,30,4,34
4/7/14 0:00,4:00:00 PM,65,34,99
4/7/14 0:00,5:00:00 PM,60,19,79
4/7/14 0:00,6:00:00 PM,36,8,44
4/7/14 0:00,7:00:00 PM,39,1,40
4/7/14 0:00,8:00:00 PM,9,0,9
4/7/14 0:00,9:00:00 PM,12,0,12
4/7/14 0:00,10:00:00 PM,0,0,0
4/7/14 0:00,11:00:00 PM,1,0,1
4/8/14 0:00,12:00:00 AM,1,0,1
4/8/14 0:00,1:00:00 AM,0,0,0
4/8/14 0:00,2:00:00 AM,0,0,0
4/8/14 0:00,3:00:00 AM,3,1,4
4/8/14 0:00,4:00:00 AM,14,1,15
4/8/14 0:00,5:00:00 AM,32,0,32
4/8/14 0:00,6:00:00 AM,28,2,30
4/8/14 0:00,7:00:00 AM,36,13,49
4/8/14 0:00,8:00:00 AM,46,49,95
4/8/14 0:00,9:00:00 AM,26,7,33
4/8/14 0:00,10:00:00 AM,31,2,33
4/8/14 0:00,11:00:00 AM,12,2,14
4/8/14 0:00,12:00:00 PM,3,8,11
4/8/14 0:00,1:00:00 PM,11,3,14
4/8/14 0:00,2:00:00 PM,14,15,29
4/8/14 0:00,3:00:00 PM,24,10,34
4/8/14 0:00,4:00:00 PM,59,24,83
4/8/14 0:00,5:00:00 PM,90,58,148
4/8/14 0:00,6:00:00 PM,54,76,130
4/8/14 0:00,7:00:00 PM,42,7,49
4/8/14 0:00,8:00:00 PM,32,0,32
4/8/14 0:00,9:00:00 PM,14,2,16
4/8/14 0:00,10:00:00 PM,0,0,0
4/8/14 0:00,11:00:00 PM,0,4,4
4/9/14 0:00,12:00:00 AM,0,0,0
4/9/14 0:00,1:00:00 AM,0,0,0
4/9/14 0:00,2:00:00 AM,0,0,0
4/9/14 0:00,3:00:00 AM,7,0,7
4/9/14 0:00,4:00:00 AM,15,2,17
4/9/14 0:00,5:00:00 AM,23,0,23
4/9/14 0:00,6:00:00 AM,29,2,31
4/9/14 0:00,7:00:00 AM,50,1,51
4/9/14 0:00,8:00:00 AM,58,12,70
4/9/14 0:00,9:00:00 AM,25,9,34
4/9/14 0:00,10:00:00 AM,12,12,24
4/9/14 0:00,11:00:00 AM,16,3,19
4/9/14 0:00,12:00:00 PM,6,2,8
4/9/14 0:00,1:00:00 PM,12,4,16
4/9/14 0:00,2:00:00 PM,36,2,38
4/9/14 0:00,3:00:00 PM,42,2,44
4/9/14 0:00,4:00:00 PM,71,12,83
4/9/14 0:00,5:00:00 PM,75,10,85
4/9/14 0:00,6:00:00 PM,79,8,87
4/9/14 0:00,7:00:00 PM,65,2,67
4/9/14 0:00,8:00:00 PM,37,4,41
4/9/14 0:00,9:00:00 PM,16,0,16
4/9/14 0:00,10:00:00 PM,2,0,2
4/9/14 0:00,11:00:00 PM,0,0,0
4/10/14 0:00,12:00:00 AM,0,0,0
4/10/14 0:00,1:00:00 AM,0,0,0
4/10/14 0:00,2:00:00 AM,0,0,0
4/10/14 0:00,3:00:00 AM,2,0,2
4/10/14 0:00,4:00:00 AM,26,2,28
4/10/14 0:00,5:00:00 AM,25,4,29
4/10/14 0:00,6:00:00 AM,38,7,45
4/10/14 0:00,7:00:00 AM,37,1,38
4/10/14 0:00,8:00:00 AM,32,4,36
4/10/14 0:00,9:00:00 AM,32,7,39
4/10/14 0:00,10:00:00 AM,13,9,22
4/10/14 0:00,11:00:00 AM,11,1,12
4/10/14 0:00,12:00:00 PM,15,4,19
4/10/14 0:00,1:00:00 PM,8,3,11
4/10/14 0:00,2:00:00 PM,11,2,13
4/10/14 0:00,3:00:00 PM,18,50,68
4/10/14 0:00,4:00:00 PM,17,12,29
4/10/14 0:00,5:00:00 PM,26,9,35
4/10/14 0:00,6:00:00 PM,19,5,24
4/10/14 0:00,7:00:00 PM,12,5,17
4/10/14 0:00,8:00:00 PM,16,0,16
4/10/14 0:00,9:00:00 PM,5,0,5
4/10/14 0:00,10:00:00 PM,1,0,1
4/10/14 0:00,11:00:00 PM,0,0,0
4/11/14 0:00,12:00:00 AM,0,2,2
4/11/14 0:00,1:00:00 AM,0,0,0
4/11/14 0:00,2:00:00 AM,0,0,0
4/11/14 0:00,3:00:00 AM,4,0,4
4/11/14 0:00,4:00:00 AM,15,0,15
4/11/14 0:00,5:00:00 AM,16,6,22
4/11/14 0:00,6:00:00 AM,30,3,33
4/11/14 0:00,7:00:00 AM,29,1,30
4/11/14 0:00,8:00:00 AM,26,6,32
4/11/14 0:00,9:00:00 AM,18,4,22
4/11/14 0:00,10:00:00 AM,15,8,23
4/11/14 0:00,11:00:00 AM,11,6,17
4/11/14 0:00,12:00:00 PM,4,9,13
4/11/14 0:00,1:00:00 PM,7,39,46
4/11/14 0:00,2:00:00 PM,13,18,31
4/11/14 0:00,3:00:00 PM,9,14,23
4/11/14 0:00,4:00:00 PM,37,7,44
4/11/14 0:00,5:00:00 PM,37,2,39
4/11/14 0:00,6:00:00 PM,26,7,33
4/11/14 0:00,7:00:00 PM,31,36,67
4/11/14 0:00,8:00:00 PM,25,0,25
4/11/14 0:00,9:00:00 PM,19,0,19
4/11/14 0:00,10:00:00 PM,4,0,4
4/11/14 0:00,11:00:00 PM,1,0,1
4/12/14 0:00,12:00:00 AM,0,0,0
4/12/14 0:00,1:00:00 AM,0,0,0
4/12/14 0:00,2:00:00 AM,0,0,0
4/12/14 0:00,3:00:00 AM,23,0,23
4/12/14 0:00,4:00:00 AM,96,9,105
4/12/14 0:00,5:00:00 AM,181,11,192
4/12/14 0:00,6:00:00 AM,198,25,223
4/12/14 0:00,7:00:00 AM,232,39,271
4/12/14 0:00,8:00:00 AM,207,71,278
4/12/14 0:00,9:00:00 AM,157,79,236
4/12/14 0:00,10:00:00 AM,147,71,218
4/12/14 0:00,11:00:00 AM,110,34,144
4/12/14 0:00,12:00:00 PM,76,29,105
4/12/14 0:00,1:00:00 PM,70,28,98
4/12/14 0:00,2:00:00 PM,113,27,140
4/12/14 0:00,3:00:00 PM,103,20,123
4/12/14 0:00,4:00:00 PM,106,10,116
4/12/14 0:00,5:00:00 PM,134,11,145
4/12/14 0:00,6:00:00 PM,92,4,96
4/12/14 0:00,7:00:00 PM,78,0,78
4/12/14 0:00,8:00:00 PM,26,1,27
4/12/14 0:00,9:00:00 PM,8,0,8
4/12/14 0:00,10:00:00 PM,2,0,2
4/12/14 0:00,11:00:00 PM,0,0,0
4/13/14 0:00,12:00:00 AM,0,0,0
4/13/14 0:00,1:00:00 AM,0,0,0
4/13/14 0:00,2:00:00 AM,0,0,0
4/13/14 0:00,3:00:00 AM,22,0,22
4/13/14 0:00,4:00:00 AM,57,4,61
4/13/14 0:00,5:00:00 AM,129,13,142
4/13/14 0:00,6:00:00 AM,146,23,169
4/13/14 0:00,7:00:00 AM,188,68,256
4/13/14 0:00,8:00:00 AM,177,49,226
4/13/14 0:00,9:00:00 AM,171,62,233
4/13/14 0:00,10:00:00 AM,139,87,226
4/13/14 0:00,11:00:00 AM,85,46,131
4/13/14 0:00,12:00:00 PM,76,39,115
4/13/14 0:00,1:00:00 PM,95,24,119
4/13/14 0:00,2:00:00 PM,88,48,136
4/13/14 0:00,3:00:00 PM,89,73,162
4/13/14 0:00,4:00:00 PM,116,35,151
4/13/14 0:00,5:00:00 PM,122,22,144
4/13/14 0:00,6:00:00 PM,120,24,144
4/13/14 0:00,7:00:00 PM,72,1,73
4/13/14 0:00,8:00:00 PM,37,4,41
4/13/14 0:00,9:00:00 PM,7,0,7
4/13/14 0:00,10:00:00 PM,4,0,4
4/13/14 0:00,11:00:00 PM,0,0,0
4/14/14 0:00,12:00:00 AM,0,0,0
4/14/14 0:00,1:00:00 AM,0,0,0
4/14/14 0:00,2:00:00 AM,0,0,0
4/14/14 0:00,3:00:00 AM,8,0,8
4/14/14 0:00,4:00:00 AM,22,2,24
4/14/14 0:00,5:00:00 AM,33,0,33
4/14/14 0:00,6:00:00 AM,45,2,47
4/14/14 0:00,7:00:00 AM,71,4,75
4/14/14 0:00,8:00:00 AM,60,9,69
4/14/14 0:00,9:00:00 AM,77,2,79
4/14/14 0:00,10:00:00 AM,56,5,61
4/14/14 0:00,11:00:00 AM,51,15,66
4/14/14 0:00,12:00:00 PM,39,15,54
4/14/14 0:00,1:00:00 PM,35,6,41
4/14/14 0:00,2:00:00 PM,48,1,49
4/14/14 0:00,3:00:00 PM,49,8,57
4/14/14 0:00,4:00:00 PM,59,14,73
4/14/14 0:00,5:00:00 PM,80,10,90
4/14/14 0:00,6:00:00 PM,74,18,92
4/14/14 0:00,7:00:00 PM,65,10,75
4/14/14 0:00,8:00:00 PM,58,1,59
4/14/14 0:00,9:00:00 PM,34,1,35
4/14/14 0:00,10:00:00 PM,19,4,23
4/14/14 0:00,11:00:00 PM,30,13,43
4/15/14 0:00,12:00:00 AM,23,3,26
4/15/14 0:00,1:00:00 AM,15,0,15
4/15/14 0:00,2:00:00 AM,2,0,2
4/15/14 0:00,3:00:00 AM,15,2,17
4/15/14 0:00,4:00:00 AM,26,1,27
4/15/14 0:00,5:00:00 AM,34,0,34
4/15/14 0:00,6:00:00 AM,55,4,59
4/15/14 0:00,7:00:00 AM,71,5,76
4/15/14 0:00,8:00:00 AM,71,7,78
4/15/14 0:00,9:00:00 AM,65,4,69
4/15/14 0:00,11:00:00 AM,53,17,70
4/15/14 0:00,12:00:00 PM,74,8,82
4/15/14 0:00,1:00:00 PM,57,25,82
4/15/14 0:00,2:00:00 PM,41,6,47
4/15/14 0:00,3:00:00 PM,45,9,54
4/15/14 0:00,4:00:00 PM,67,5,72
4/15/14 0:00,5:00:00 PM,102,5,107
4/15/14 0:00,6:00:00 PM,106,11,117
4/15/14 0:00,7:00:00 PM,93,5,98
4/15/14 0:00,8:00:00 PM,54,0,54
4/15/14 0:00,9:00:00 PM,20,0,20
4/15/14 0:00,10:00:00 PM,12,0,12
4/15/14 0:00,11:00:00 PM,0,0,0
4/16/14 0:00,12:00:00 AM,0,0,0
4/16/14 0:00,1:00:00 AM,0,0,0
4/16/14 0:00,2:00:00 AM,1,0,1
4/16/14 0:00,3:00:00 AM,11,1,12
4/16/14 0:00,4:00:00 AM,27,1,28
4/16/14 0:00,5:00:00 AM,56,0,56
4/16/14 0:00,6:00:00 AM,57,4,61
4/16/14 0:00,7:00:00 AM,63,77,140
4/16/14 0:00,8:00:00 AM,69,8,77
4/16/14 0:00,9:00:00 AM,44,8,52
4/16/14 0:00,10:00:00 AM,40,2,42
4/16/14 0:00,11:00:00 AM,67,10,77
4/16/14 0:00,12:00:00 PM,36,3,39
4/16/14 0:00,1:00:00 PM,50,9,59
4/16/14 0:00,2:00:00 PM,54,5,59
4/16/14 0:00,3:00:00 PM,46,14,60
4/16/14 0:00,4:00:00 PM,62,38,100
4/16/14 0:00,5:00:00 PM,85,12,97
4/16/14 0:00,6:00:00 PM,112,4,116
4/16/14 0:00,7:00:00 PM,89,2,91
4/16/14 0:00,8:00:00 PM,28,0,28
4/16/14 0:00,9:00:00 PM,23,0,23
4/16/14 0:00,10:00:00 PM,2,0,2
4/16/14 0:00,11:00:00 PM,0,0,0
4/17/14 0:00,12:00:00 AM,4,0,4
4/17/14 0:00,1:00:00 AM,0,0,0
4/17/14 0:00,2:00:00 AM,1,0,1
4/17/14 0:00,3:00:00 AM,5,0,5
4/17/14 0:00,4:00:00 AM,36,2,38
4/17/14 0:00,5:00:00 AM,49,4,53
4/17/14 0:00,6:00:00 AM,58,2,60
4/17/14 0:00,7:00:00 AM,53,11,64
4/17/14 0:00,8:00:00 AM,57,27,84
4/17/14 0:00,9:00:00 AM,31,5,36
4/17/14 0:00,10:00:00 AM,40,12,52
4/17/14 0:00,11:00:00 AM,44,10,54
4/17/14 0:00,12:00:00 PM,52,4,56
4/17/14 0:00,1:00:00 PM,32,7,39
4/17/14 0:00,2:00:00 PM,58,10,68
4/17/14 0:00,3:00:00 PM,39,14,53
4/17/14 0:00,4:00:00 PM,71,19,90
4/17/14 0:00,5:00:00 PM,81,61,142
4/17/14 0:00,6:00:00 PM,103,17,120
4/17/14 0:00,7:00:00 PM,70,8,78
4/17/14 0:00,8:00:00 PM,34,2,36
4/17/14 0:00,9:00:00 PM,22,0,22
4/17/14 0:00,10:00:00 PM,2,0,2
4/17/14 0:00,11:00:00 PM,1,0,1
4/18/14 0:00,12:00:00 AM,0,0,0
4/18/14 0:00,1:00:00 AM,3,0,3
4/18/14 0:00,2:00:00 AM,2,0,2
4/18/14 0:00,3:00:00 AM,14,0,14
4/18/14 0:00,4:00:00 AM,45,2,47
4/18/14 0:00,5:00:00 AM,58,8,66
4/18/14 0:00,6:00:00 AM,99,8,107
4/18/14 0:00,7:00:00 AM,106,37,143
4/18/14 0:00,8:00:00 AM,95,20,115
4/18/14 0:00,9:00:00 AM,94,28,122
4/18/14 0:00,10:00:00 AM,69,26,95
4/18/14 0:00,11:00:00 AM,98,48,146
4/18/14 0:00,12:00:00 PM,71,27,98
4/18/14 0:00,1:00:00 PM,71,12,83
4/18/14 0:00,2:00:00 PM,57,7,64
4/18/14 0:00,3:00:00 PM,55,43,98
4/18/14 0:00,4:00:00 PM,68,34,102
4/18/14 0:00,5:00:00 PM,106,8,114
4/18/14 0:00,6:00:00 PM,93,3,96
4/18/14 0:00,7:00:00 PM,66,4,70
4/18/14 0:00,8:00:00 PM,38,0,38
4/18/14 0:00,9:00:00 PM,21,0,21
4/18/14 0:00,10:00:00 PM,5,0,5
4/18/14 0:00,11:00:00 PM,5,0,5
4/19/14 0:00,12:00:00 AM,0,0,0
4/19/14 0:00,1:00:00 AM,5,0,5
4/19/14 0:00,2:00:00 AM,0,1,1
4/19/14 0:00,3:00:00 AM,29,1,30
4/19/14 0:00,4:00:00 AM,115,5,120
4/19/14 0:00,5:00:00 AM,194,32,226
4/19/14 0:00,6:00:00 AM,269,33,302
4/19/14 0:00,7:00:00 AM,295,45,340
4/19/14 0:00,8:00:00 AM,207,104,311
4/19/14 0:00,9:00:00 AM,177,53,230
4/19/14 0:00,10:00:00 AM,157,58,215
4/19/14 0:00,11:00:00 AM,183,29,212
4/19/14 0:00,12:00:00 PM,171,70,241
4/19/14 0:00,1:00:00 PM,134,21,155
4/19/14 0:00,2:00:00 PM,137,16,153
4/19/14 0:00,3:00:00 PM,130,37,167
4/19/14 0:00,4:00:00 PM,114,28,142
4/19/14 0:00,5:00:00 PM,93,23,116
4/19/14 0:00,6:00:00 PM,52,12,64
4/19/14 0:00,7:00:00 PM,24,11,35
4/19/14 0:00,8:00:00 PM,19,0,19
4/19/14 0:00,9:00:00 PM,8,0,8
4/19/14 0:00,10:00:00 PM,1,0,1
4/19/14 0:00,11:00:00 PM,3,0,3
4/20/14 0:00,12:00:00 AM,0,0,0
4/20/14 0:00,1:00:00 AM,0,0,0
4/20/14 0:00,2:00:00 AM,0,0,0
4/20/14 0:00,3:00:00 AM,25,1,26
4/20/14 0:00,4:00:00 AM,74,2,76
4/20/14 0:00,5:00:00 AM,153,9,162
4/20/14 0:00,6:00:00 AM,242,23,265
4/20/14 0:00,7:00:00 AM,207,46,253
4/20/14 0:00,8:00:00 AM,151,51,202
4/20/14 0:00,9:00:00 AM,115,53,168
4/20/14 0:00,10:00:00 AM,139,68,207
4/20/14 0:00,11:00:00 AM,126,87,213
4/20/14 0:00,12:00:00 PM,146,39,185
4/20/14 0:00,1:00:00 PM,107,27,134
4/20/14 0:00,2:00:00 PM,105,30,135
4/20/14 0:00,3:00:00 PM,117,68,185
4/20/14 0:00,4:00:00 PM,71,21,92
4/20/14 0:00,5:00:00 PM,83,20,103
4/20/14 0:00,6:00:00 PM,115,7,122
4/20/14 0:00,7:00:00 PM,94,3,97
4/20/14 0:00,8:00:00 PM,20,2,22
4/20/14 0:00,9:00:00 PM,11,0,11
4/20/14 0:00,10:00:00 PM,0,0,0
4/20/14 0:00,11:00:00 PM,0,0,0
4/21/14 0:00,12:00:00 AM,0,6,6
4/21/14 0:00,1:00:00 AM,0,0,0
4/21/14 0:00,2:00:00 AM,0,0,0
4/21/14 0:00,3:00:00 AM,6,1,7
4/21/14 0:00,4:00:00 AM,20,2,22
4/21/14 0:00,5:00:00 AM,41,1,42
4/21/14 0:00,6:00:00 AM,58,2,60
4/21/14 0:00,7:00:00 AM,62,12,74
4/21/14 0:00,8:00:00 AM,59,38,97
4/21/14 0:00,9:00:00 AM,37,7,44
4/21/14 0:00,10:00:00 AM,33,4,37
4/21/14 0:00,11:00:00 AM,33,29,62
4/21/14 0:00,12:00:00 PM,30,1,31
4/21/14 0:00,1:00:00 PM,31,2,33
4/21/14 0:00,2:00:00 PM,27,12,39
4/21/14 0:00,3:00:00 PM,40,33,73
4/21/14 0:00,4:00:00 PM,51,6,57
4/21/14 0:00,5:00:00 PM,59,5,64
4/21/14 0:00,6:00:00 PM,59,2,61
4/21/14 0:00,7:00:00 PM,45,6,51
4/21/14 0:00,8:00:00 PM,20,0,20
4/21/14 0:00,9:00:00 PM,7,0,7
4/21/14 0:00,10:00:00 PM,2,0,2
4/21/14 0:00,11:00:00 PM,0,0,0
4/22/14 0:00,12:00:00 AM,0,0,0
4/22/14 0:00,1:00:00 AM,1,0,1
4/22/14 0:00,2:00:00 AM,0,0,0
4/22/14 0:00,3:00:00 AM,2,0,2
4/22/14 0:00,4:00:00 AM,20,0,20
4/22/14 0:00,5:00:00 AM,30,4,34
4/22/14 0:00,6:00:00 AM,39,0,39
4/22/14 0:00,7:00:00 AM,44,4,48
4/22/14 0:00,8:00:00 AM,117,6,123
4/22/14 0:00,9:00:00 AM,85,7,92
4/22/14 0:00,10:00:00 AM,74,9,83
4/22/14 0:00,11:00:00 AM,50,10,60
4/22/14 0:00,12:00:00 PM,54,4,58
4/22/14 0:00,1:00:00 PM,43,2,45
4/22/14 0:00,2:00:00 PM,47,3,50
4/22/14 0:00,3:00:00 PM,72,5,77
4/22/14 0:00,4:00:00 PM,88,2,90
4/22/14 0:00,5:00:00 PM,81,7,88
4/22/14 0:00,6:00:00 PM,57,0,57
4/22/14 0:00,7:00:00 PM,47,4,51
4/22/14 0:00,8:00:00 PM,38,0,38
4/22/14 0:00,9:00:00 PM,12,0,12
4/22/14 0:00,10:00:00 PM,6,0,6
4/22/14 0:00,11:00:00 PM,7,0,7
4/23/14 0:00,12:00:00 AM,3,0,3
4/23/14 0:00,1:00:00 AM,0,0,0
4/23/14 0:00,2:00:00 AM,0,0,0
4/23/14 0:00,3:00:00 AM,19,0,19
4/23/14 0:00,4:00:00 AM,34,2,36
4/23/14 0:00,5:00:00 AM,44,2,46
4/23/14 0:00,6:00:00 AM,69,3,72
4/23/14 0:00,7:00:00 AM,75,1,76
4/23/14 0:00,8:00:00 AM,86,14,100
4/23/14 0:00,9:00:00 AM,83,7,90
4/23/14 0:00,10:00:00 AM,75,9,84
4/23/14 0:00,11:00:00 AM,74,8,82
4/23/14 0:00,12:00:00 PM,50,2,52
4/23/14 0:00,1:00:00 PM,44,4,48
4/23/14 0:00,2:00:00 PM,61,7,68
4/23/14 0:00,3:00:00 PM,58,7,65
4/23/14 0:00,4:00:00 PM,110,12,122
4/23/14 0:00,5:00:00 PM,100,13,113
4/23/14 0:00,6:00:00 PM,98,6,104
4/23/14 0:00,7:00:00 PM,63,1,64
4/23/14 0:00,8:00:00 PM,32,0,32
4/23/14 0:00,9:00:00 PM,13,0,13
4/23/14 0:00,10:00:00 PM,4,0,4
4/23/14 0:00,11:00:00 PM,0,0,0
4/24/14 0:00,12:00:00 AM,0,0,0
4/24/14 0:00,1:00:00 AM,0,0,0
4/24/14 0:00,2:00:00 AM,0,0,0
4/24/14 0:00,3:00:00 AM,5,0,5
4/24/14 0:00,4:00:00 AM,45,1,46
4/24/14 0:00,5:00:00 AM,40,0,40
4/24/14 0:00,6:00:00 AM,61,5,66
4/24/14 0:00,7:00:00 AM,67,28,95
4/24/14 0:00,8:00:00 AM,79,35,114
4/24/14 0:00,9:00:00 AM,78,9,87
4/24/14 0:00,10:00:00 AM,88,10,98
4/24/14 0:00,11:00:00 AM,62,8,70
4/24/14 0:00,12:00:00 PM,59,14,73
4/24/14 0:00,1:00:00 PM,66,7,73
4/24/14 0:00,2:00:00 PM,67,11,78
4/24/14 0:00,3:00:00 PM,61,12,73
4/24/14 0:00,4:00:00 PM,78,8,86
4/24/14 0:00,5:00:00 PM,73,10,83
4/24/14 0:00,6:00:00 PM,65,3,68
4/24/14 0:00,7:00:00 PM,43,1,44
4/24/14 0:00,8:00:00 PM,23,0,23
4/24/14 0:00,9:00:00 PM,10,0,10
4/24/14 0:00,10:00:00 PM,2,0,2
4/24/14 0:00,11:00:00 PM,1,0,1
4/25/14 0:00,12:00:00 AM,1,0,1
4/25/14 0:00,1:00:00 AM,0,0,0
4/25/14 0:00,2:00:00 AM,0,0,0
4/25/14 0:00,3:00:00 AM,9,0,9
4/25/14 0:00,4:00:00 AM,12,0,12
4/25/14 0:00,5:00:00 AM,17,0,17
4/25/14 0:00,6:00:00 AM,11,2,13
4/25/14 0:00,7:00:00 AM,19,1,20
4/25/14 0:00,8:00:00 AM,8,0,8
4/25/14 0:00,9:00:00 AM,14,0,14
4/25/14 0:00,10:00:00 AM,20,0,20
4/25/14 0:00,11:00:00 AM,9,0,9
4/25/14 0:00,12:00:00 PM,10,4,14
4/25/14 0:00,1:00:00 PM,7,1,8
4/25/14 0:00,2:00:00 PM,3,4,7
4/25/14 0:00,3:00:00 PM,4,25,29
4/25/14 0:00,4:00:00 PM,15,11,26
4/25/14 0:00,5:00:00 PM,24,2,26
4/25/14 0:00,6:00:00 PM,20,1,21
4/25/14 0:00,7:00:00 PM,4,0,4
4/25/14 0:00,8:00:00 PM,3,1,4
4/25/14 0:00,9:00:00 PM,0,0,0
4/25/14 0:00,10:00:00 PM,0,0,0
4/25/14 0:00,11:00:00 PM,0,0,0
4/26/14 0:00,12:00:00 AM,0,0,0
4/26/14 0:00,1:00:00 AM,0,0,0
4/26/14 0:00,2:00:00 AM,0,0,0
4/26/14 0:00,3:00:00 AM,15,0,15
4/26/14 0:00,4:00:00 AM,57,1,58
4/26/14 0:00,5:00:00 AM,121,12,133
4/26/14 0:00,6:00:00 AM,152,20,172
4/26/14 0:00,7:00:00 AM,188,12,200
4/26/14 0:00,8:00:00 AM,220,36,256
4/26/14 0:00,9:00:00 AM,178,32,210
4/26/14 0:00,10:00:00 AM,160,30,190
4/26/14 0:00,11:00:00 AM,146,10,156
4/26/14 0:00,12:00:00 PM,153,17,170
4/26/14 0:00,1:00:00 PM,130,23,153
4/26/14 0:00,2:00:00 PM,190,19,209
4/26/14 0:00,3:00:00 PM,124,41,165
4/26/14 0:00,4:00:00 PM,150,13,163
4/26/14 0:00,5:00:00 PM,124,14,138
4/26/14 0:00,6:00:00 PM,68,13,81
4/26/14 0:00,7:00:00 PM,52,1,53
4/26/14 0:00,8:00:00 PM,15,0,15
4/26/14 0:00,9:00:00 PM,4,0,4
4/26/14 0:00,10:00:00 PM,3,0,3
4/26/14 0:00,11:00:00 PM,0,0,0
4/27/14 0:00,12:00:00 AM,1,0,1
4/27/14 0:00,1:00:00 AM,0,0,0
4/27/14 0:00,2:00:00 AM,0,0,0
4/27/14 0:00,3:00:00 AM,20,1,21
4/27/14 0:00,4:00:00 AM,50,2,52
4/27/14 0:00,5:00:00 AM,75,18,93
4/27/14 0:00,6:00:00 AM,116,14,130
4/27/14 0:00,7:00:00 AM,132,36,168
4/27/14 0:00,8:00:00 AM,137,29,166
4/27/14 0:00,9:00:00 AM,135,32,167
4/27/14 0:00,10:00:00 AM,136,27,163
4/27/14 0:00,11:00:00 AM,144,32,176
4/27/14 0:00,12:00:00 PM,116,25,141
4/27/14 0:00,1:00:00 PM,133,26,159
4/27/14 0:00,2:00:00 PM,134,23,157
4/27/14 0:00,3:00:00 PM,160,32,192
4/27/14 0:00,4:00:00 PM,164,16,180
4/27/14 0:00,5:00:00 PM,152,7,159
4/27/14 0:00,6:00:00 PM,98,158,256
4/27/14 0:00,7:00:00 PM,56,44,100
4/27/14 0:00,8:00:00 PM,16,0,16
4/27/14 0:00,9:00:00 PM,3,0,3
4/27/14 0:00,10:00:00 PM,0,0,0
4/27/14 0:00,11:00:00 PM,1,0,1
4/28/14 0:00,12:00:00 AM,0,0,0
4/28/14 0:00,1:00:00 AM,0,0,0
4/28/14 0:00,2:00:00 AM,0,0,0
4/28/14 0:00,3:00:00 AM,8,0,8
4/28/14 0:00,4:00:00 AM,21,3,24
4/28/14 0:00,5:00:00 AM,37,0,37
4/28/14 0:00,6:00:00 AM,42,12,54
4/28/14 0:00,7:00:00 AM,51,2,53
4/28/14 0:00,8:00:00 AM,61,8,69
4/28/14 0:00,9:00:00 AM,60,8,68
4/28/14 0:00,10:00:00 AM,49,6,55
4/28/14 0:00,11:00:00 AM,56,4,60
4/28/14 0:00,12:00:00 PM,49,3,52
4/28/14 0:00,1:00:00 PM,46,1,47
4/28/14 0:00,2:00:00 PM,48,0,48
4/28/14 0:00,3:00:00 PM,70,9,79
4/28/14 0:00,4:00:00 PM,66,3,69
4/28/14 0:00,5:00:00 PM,78,4,82
4/28/14 0:00,6:00:00 PM,100,6,106
4/28/14 0:00,7:00:00 PM,62,4,66
4/28/14 0:00,8:00:00 PM,28,1,29
4/28/14 0:00,9:00:00 PM,8,1,9
4/28/14 0:00,10:00:00 PM,0,0,0
4/28/14 0:00,11:00:00 PM,3,0,3
4/29/14 0:00,12:00:00 AM,0,0,0
4/29/14 0:00,1:00:00 AM,0,0,0
4/29/14 0:00,2:00:00 AM,0,0,0
4/29/14 0:00,3:00:00 AM,14,1,15
4/29/14 0:00,4:00:00 AM,15,1,16
4/29/14 0:00,5:00:00 AM,45,1,46
4/29/14 0:00,6:00:00 AM,48,16,64
4/29/14 0:00,7:00:00 AM,50,2,52
4/29/14 0:00,8:00:00 AM,56,4,60
4/29/14 0:00,9:00:00 AM,54,1,55
4/29/14 0:00,10:00:00 AM,38,8,46
4/29/14 0:00,11:00:00 AM,42,1,43
4/29/14 0:00,12:00:00 PM,44,13,57
4/29/14 0:00,1:00:00 PM,39,2,41
4/29/14 0:00,2:00:00 PM,32,3,35
4/29/14 0:00,3:00:00 PM,41,48,89
4/29/14 0:00,4:00:00 PM,54,38,92
4/29/14 0:00,5:00:00 PM,74,10,84
4/29/14 0:00,6:00:00 PM,69,4,73
4/29/14 0:00,7:00:00 PM,67,65,132
4/29/14 0:00,8:00:00 PM,36,8,44
4/29/14 0:00,9:00:00 PM,19,1,20
4/29/14 0:00,10:00:00 PM,1,0,1
4/29/14 0:00,11:00:00 PM,1,0,1
4/30/14 0:00,12:00:00 AM,1,0,1
4/30/14 0:00,1:00:00 AM,0,0,0
4/30/14 0:00,2:00:00 AM,0,0,0
4/30/14 0:00,3:00:00 AM,12,0,12
4/30/14 0:00,4:00:00 AM,20,2,22
4/30/14 0:00,5:00:00 AM,47,35,82
4/30/14 0:00,6:00:00 AM,48,5,53
4/30/14 0:00,7:00:00 AM,54,4,58
4/30/14 0:00,8:00:00 AM,64,6,70
4/30/14 0:00,9:00:00 AM,39,1,40
4/30/14 0:00,10:00:00 AM,50,4,54
4/30/14 0:00,11:00:00 AM,36,1,37
4/30/14 0:00,12:00:00 PM,34,5,39
4/30/14 0:00,1:00:00 PM,38,2,40
4/30/14 0:00,2:00:00 PM,20,2,22
4/30/14 0:00,3:00:00 PM,27,4,31
4/30/14 0:00,4:00:00 PM,48,4,52
4/30/14 0:00,5:00:00 PM,45,16,61
4/30/14 0:00,6:00:00 PM,78,4,82
4/30/14 0:00,7:00:00 PM,57,8,65
4/30/14 0:00,8:00:00 PM,42,0,42
4/30/14 0:00,9:00:00 PM,21,3,24
4/30/14 0:00,10:00:00 PM,9,0,9
4/30/14 0:00,11:00:00 PM,1,0,1
5/1/14 0:00,12:00:00 AM,0,1,1
5/1/14 0:00,1:00:00 AM,0,0,0
5/1/14 0:00,2:00:00 AM,0,0,0
5/1/14 0:00,3:00:00 AM,4,0,4
5/1/14 0:00,4:00:00 AM,34,0,34
5/1/14 0:00,5:00:00 AM,45,3,48
5/1/14 0:00,6:00:00 AM,57,3,60
5/1/14 0:00,7:00:00 AM,32,4,36
5/1/14 0:00,8:00:00 AM,40,2,42
5/1/14 0:00,9:00:00 AM,38,2,40
5/1/14 0:00,10:00:00 AM,38,1,39
5/1/14 0:00,11:00:00 AM,57,1,58
5/1/14 0:00,12:00:00 PM,41,3,44
5/1/14 0:00,1:00:00 PM,24,1,25
5/1/14 0:00,2:00:00 PM,26,3,29
5/1/14 0:00,3:00:00 PM,41,1,42
5/1/14 0:00,4:00:00 PM,37,9,46
5/1/14 0:00,5:00:00 PM,47,8,55
5/1/14 0:00,6:00:00 PM,79,9,88
5/1/14 0:00,7:00:00 PM,77,8,85
5/1/14 0:00,8:00:00 PM,51,0,51
5/1/14 0:00,9:00:00 PM,10,0,10
5/1/14 0:00,10:00:00 PM,0,0,0
5/1/14 0:00,11:00:00 PM,1,0,1
5/2/14 0:00,12:00:00 AM,0,0,0
5/2/14 0:00,1:00:00 AM,0,0,0
5/2/14 0:00,2:00:00 AM,1,0,1
5/2/14 0:00,3:00:00 AM,13,1,14
5/2/14 0:00,4:00:00 AM,23,1,24
5/2/14 0:00,5:00:00 AM,49,1,50
5/2/14 0:00,6:00:00 AM,65,7,72
5/2/14 0:00,7:00:00 AM,59,9,68
5/2/14 0:00,8:00:00 AM,56,6,62
5/2/14 0:00,9:00:00 AM,46,6,52
5/2/14 0:00,10:00:00 AM,47,5,52
5/2/14 0:00,11:00:00 AM,38,0,38
5/2/14 0:00,12:00:00 PM,36,1,37
5/2/14 0:00,1:00:00 PM,37,2,39
5/2/14 0:00,2:00:00 PM,28,1,29
5/2/14 0:00,3:00:00 PM,31,15,46
5/2/14 0:00,4:00:00 PM,51,7,58
5/2/14 0:00,5:00:00 PM,61,5,66
5/2/14 0:00,6:00:00 PM,72,5,77
5/2/14 0:00,7:00:00 PM,77,3,80
5/2/14 0:00,8:00:00 PM,40,1,41
5/2/14 0:00,9:00:00 PM,19,0,19
5/2/14 0:00,10:00:00 PM,9,1,10
5/2/14 0:00,11:00:00 PM,0,0,0
5/3/14 0:00,12:00:00 AM,0,0,0
5/3/14 0:00,1:00:00 AM,0,0,0
5/3/14 0:00,2:00:00 AM,0,1,1
5/3/14 0:00,3:00:00 AM,38,1,39
5/3/14 0:00,4:00:00 AM,127,2,129
5/3/14 0:00,5:00:00 AM,209,12,221
5/3/14 0:00,6:00:00 AM,268,37,305
5/3/14 0:00,7:00:00 AM,221,68,289
5/3/14 0:00,8:00:00 AM,246,56,302
5/3/14 0:00,9:00:00 AM,250,62,312
5/3/14 0:00,10:00:00 AM,195,60,255
5/3/14 0:00,11:00:00 AM,170,32,202
5/3/14 0:00,12:00:00 PM,173,36,209
5/3/14 0:00,1:00:00 PM,144,33,177
5/3/14 0:00,2:00:00 PM,119,9,128
5/3/14 0:00,3:00:00 PM,122,17,139
5/3/14 0:00,4:00:00 PM,108,26,134
5/3/14 0:00,5:00:00 PM,104,12,116
5/3/14 0:00,6:00:00 PM,109,7,116
5/3/14 0:00,7:00:00 PM,61,4,65
5/3/14 0:00,8:00:00 PM,19,1,20
5/3/14 0:00,9:00:00 PM,8,0,8
5/3/14 0:00,10:00:00 PM,1,0,1
5/3/14 0:00,11:00:00 PM,1,0,1
5/4/14 0:00,12:00:00 AM,0,0,0
5/4/14 0:00,1:00:00 AM,1,0,1
5/4/14 0:00,2:00:00 AM,1,0,1
5/4/14 0:00,3:00:00 AM,26,1,27
5/4/14 0:00,4:00:00 AM,67,7,74
5/4/14 0:00,5:00:00 AM,189,18,207
5/4/14 0:00,6:00:00 AM,206,33,239
5/4/14 0:00,7:00:00 AM,215,59,274
5/4/14 0:00,8:00:00 AM,206,61,267
5/4/14 0:00,9:00:00 AM,195,43,238
5/4/14 0:00,10:00:00 AM,174,77,251
5/4/14 0:00,11:00:00 AM,149,41,190
5/4/14 0:00,12:00:00 PM,166,36,202
5/4/14 0:00,1:00:00 PM,172,28,200
5/4/14 0:00,2:00:00 PM,128,17,145
5/4/14 0:00,3:00:00 PM,167,33,200
5/4/14 0:00,4:00:00 PM,138,18,156
5/4/14 0:00,5:00:00 PM,108,16,124
5/4/14 0:00,6:00:00 PM,85,6,91
5/4/14 0:00,7:00:00 PM,53,0,53
5/4/14 0:00,8:00:00 PM,21,0,21
5/4/14 0:00,9:00:00 PM,1,0,1
5/4/14 0:00,10:00:00 PM,0,0,0
5/4/14 0:00,11:00:00 PM,0,0,0
5/5/14 0:00,12:00:00 AM,0,0,0
5/5/14 0:00,1:00:00 AM,0,0,0
5/5/14 0:00,2:00:00 AM,0,0,0
5/5/14 0:00,3:00:00 AM,13,0,13
5/5/14 0:00,4:00:00 AM,16,4,20
5/5/14 0:00,5:00:00 AM,31,0,31
5/5/14 0:00,6:00:00 AM,28,4,32
5/5/14 0:00,7:00:00 AM,47,1,48
5/5/14 0:00,8:00:00 AM,48,9,57
5/5/14 0:00,9:00:00 AM,42,8,50
5/5/14 0:00,10:00:00 AM,77,4,81
5/5/14 0:00,12:00:00 PM,68,3,71
5/5/14 0:00,1:00:00 PM,46,6,52
5/5/14 0:00,2:00:00 PM,52,4,56
5/5/14 0:00,3:00:00 PM,49,4,53
5/5/14 0:00,4:00:00 PM,71,0,71
5/5/14 0:00,5:00:00 PM,77,5,82
5/5/14 0:00,6:00:00 PM,54,2,56
5/5/14 0:00,7:00:00 PM,30,0,30
5/5/14 0:00,8:00:00 PM,3,0,3
5/5/14 0:00,9:00:00 PM,1,0,1
5/5/14 0:00,10:00:00 PM,0,0,0
5/5/14 0:00,11:00:00 PM,1,0,1
5/6/14 0:00,12:00:00 AM,0,0,0
5/6/14 0:00,1:00:00 AM,0,0,0
5/6/14 0:00,2:00:00 AM,0,0,0
5/6/14 0:00,3:00:00 AM,2,1,3
5/6/14 0:00,4:00:00 AM,16,1,17
5/6/14 0:00,5:00:00 AM,35,0,35
5/6/14 0:00,6:00:00 AM,34,2,36
5/6/14 0:00,7:00:00 AM,39,13,52
5/6/14 0:00,8:00:00 AM,45,4,49
5/6/14 0:00,9:00:00 AM,50,2,52
5/6/14 0:00,10:00:00 AM,79,3,82
5/6/14 0:00,11:00:00 AM,54,1,55
5/6/14 0:00,12:00:00 PM,68,2,70
5/6/14 0:00,1:00:00 PM,46,0,46
5/6/14 0:00,2:00:00 PM,65,2,67
5/6/14 0:00,3:00:00 PM,64,3,67
5/6/14 0:00,4:00:00 PM,82,5,87
5/6/14 0:00,5:00:00 PM,87,4,91
5/6/14 0:00,6:00:00 PM,91,1,92
5/6/14 0:00,7:00:00 PM,58,5,63
5/6/14 0:00,8:00:00 PM,35,0,35
5/6/14 0:00,9:00:00 PM,9,0,9
5/6/14 0:00,10:00:00 PM,2,0,2
5/6/14 0:00,11:00:00 PM,0,0,0
5/7/14 0:00,12:00:00 AM,0,0,0
5/7/14 0:00,1:00:00 AM,0,0,0
5/7/14 0:00,2:00:00 AM,5,0,5
5/7/14 0:00,3:00:00 AM,11,1,12
5/7/14 0:00,4:00:00 AM,25,1,26
5/7/14 0:00,5:00:00 AM,38,3,41
5/7/14 0:00,6:00:00 AM,46,0,46
5/7/14 0:00,7:00:00 AM,40,4,44
5/7/14 0:00,8:00:00 AM,59,3,62
5/7/14 0:00,9:00:00 AM,55,6,61
5/7/14 0:00,10:00:00 AM,54,4,58
5/7/14 0:00,11:00:00 AM,56,6,62
5/7/14 0:00,12:00:00 PM,38,6,44
5/7/14 0:00,1:00:00 PM,52,7,59
5/7/14 0:00,2:00:00 PM,54,3,57
5/7/14 0:00,3:00:00 PM,61,6,67
5/7/14 0:00,4:00:00 PM,91,4,95
5/7/14 0:00,5:00:00 PM,82,2,84
5/7/14 0:00,6:00:00 PM,78,3,81
5/7/14 0:00,7:00:00 PM,60,0,60
5/7/14 0:00,8:00:00 PM,17,0,17
5/7/14 0:00,9:00:00 PM,8,0,8
5/7/14 0:00,10:00:00 PM,4,0,4
5/7/14 0:00,11:00:00 PM,1,0,1
5/8/14 0:00,12:00:00 AM,1,0,1
5/8/14 0:00,1:00:00 AM,0,0,0
5/8/14 0:00,2:00:00 AM,0,0,0
5/8/14 0:00,3:00:00 AM,2,1,3
5/8/14 0:00,4:00:00 AM,23,0,23
5/8/14 0:00,5:00:00 AM,33,2,35
5/8/14 0:00,6:00:00 AM,42,4,46
5/8/14 0:00,7:00:00 AM,49,5,54
5/8/14 0:00,8:00:00 AM,74,1,75
5/8/14 0:00,9:00:00 AM,46,1,47
5/8/14 0:00,10:00:00 AM,54,3,57
5/8/14 0:00,11:00:00 AM,57,8,65
5/8/14 0:00,12:00:00 PM,63,4,67
5/8/14 0:00,1:00:00 PM,33,6,39
5/8/14 0:00,2:00:00 PM,38,2,40
5/8/14 0:00,3:00:00 PM,49,1,50
5/8/14 0:00,4:00:00 PM,75,1,76
5/8/14 0:00,5:00:00 PM,64,6,70
5/8/14 0:00,6:00:00 PM,41,1,42
5/8/14 0:00,7:00:00 PM,37,0,37
5/8/14 0:00,8:00:00 PM,8,1,9
5/8/14 0:00,9:00:00 PM,3,0,3
5/8/14 0:00,10:00:00 PM,1,0,1
5/8/14 0:00,11:00:00 PM,0,0,0
5/9/14 0:00,12:00:00 AM,0,0,0
5/9/14 0:00,1:00:00 AM,0,0,0
5/9/14 0:00,2:00:00 AM,0,0,0
5/9/14 0:00,3:00:00 AM,6,1,7
5/9/14 0:00,4:00:00 AM,15,0,15
5/9/14 0:00,5:00:00 AM,33,2,35
5/9/14 0:00,6:00:00 AM,48,1,49
5/9/14 0:00,7:00:00 AM,53,4,57
5/9/14 0:00,8:00:00 AM,60,3,63
5/9/14 0:00,9:00:00 AM,57,6,63
5/9/14 0:00,10:00:00 AM,62,8,70
5/9/14 0:00,11:00:00 AM,74,4,78
5/9/14 0:00,12:00:00 PM,52,5,57
5/9/14 0:00,1:00:00 PM,55,1,56
5/9/14 0:00,2:00:00 PM,55,2,57
5/9/14 0:00,3:00:00 PM,64,1,65
5/9/14 0:00,4:00:00 PM,79,5,84
5/9/14 0:00,5:00:00 PM,94,1,95
5/9/14 0:00,6:00:00 PM,82,3,85
5/9/14 0:00,7:00:00 PM,68,3,71
5/9/14 0:00,8:00:00 PM,32,1,33
5/9/14 0:00,9:00:00 PM,8,0,8
5/9/14 0:00,10:00:00 PM,2,0,2
5/9/14 0:00,11:00:00 PM,0,0,0
5/10/14 0:00,12:00:00 AM,0,0,0
5/10/14 0:00,1:00:00 AM,2,0,2
5/10/14 0:00,2:00:00 AM,1,0,1
5/10/14 0:00,3:00:00 AM,22,0,22
5/10/14 0:00,4:00:00 AM,123,2,125
5/10/14 0:00,5:00:00 AM,260,21,281
5/10/14 0:00,6:00:00 AM,266,53,319
5/10/14 0:00,7:00:00 AM,260,46,306
5/10/14 0:00,8:00:00 AM,212,92,304
5/10/14 0:00,9:00:00 AM,239,41,280
5/10/14 0:00,10:00:00 AM,255,78,333
5/10/14 0:00,11:00:00 AM,224,61,285
5/10/14 0:00,12:00:00 PM,212,37,249
5/10/14 0:00,1:00:00 PM,150,35,185
5/10/14 0:00,2:00:00 PM,143,28,171
5/10/14 0:00,3:00:00 PM,136,21,157
5/10/14 0:00,4:00:00 PM,162,15,177
5/10/14 0:00,5:00:00 PM,111,8,119
5/10/14 0:00,6:00:00 PM,93,4,97
5/10/14 0:00,7:00:00 PM,102,2,104
5/10/14 0:00,8:00:00 PM,33,0,33
5/10/14 0:00,9:00:00 PM,20,0,20
5/10/14 0:00,10:00:00 PM,8,0,8
5/10/14 0:00,11:00:00 PM,0,0,0
5/11/14 0:00,12:00:00 AM,0,0,0
5/11/14 0:00,1:00:00 AM,2,0,2
5/11/14 0:00,2:00:00 AM,1,0,1
5/11/14 0:00,3:00:00 AM,36,1,37
5/11/14 0:00,4:00:00 AM,86,3,89
5/11/14 0:00,5:00:00 AM,153,13,166
5/11/14 0:00,6:00:00 AM,194,26,220
5/11/14 0:00,7:00:00 AM,154,40,194
5/11/14 0:00,8:00:00 AM,116,34,150
5/11/14 0:00,9:00:00 AM,129,47,176
5/11/14 0:00,10:00:00 AM,167,28,195
5/11/14 0:00,11:00:00 AM,194,15,209
5/11/14 0:00,12:00:00 PM,144,14,158
5/11/14 0:00,1:00:00 PM,127,20,147
5/11/14 0:00,2:00:00 PM,121,14,135
5/11/14 0:00,3:00:00 PM,135,23,158
5/11/14 0:00,4:00:00 PM,114,10,124
5/11/14 0:00,5:00:00 PM,80,4,84
5/11/14 0:00,6:00:00 PM,105,7,112
5/11/14 0:00,7:00:00 PM,72,0,72
5/11/14 0:00,8:00:00 PM,35,0,35
5/11/14 0:00,9:00:00 PM,20,0,20
5/11/14 0:00,10:00:00 PM,2,0,2
5/11/14 0:00,11:00:00 PM,0,0,0
5/12/14 0:00,12:00:00 AM,2,0,2
5/12/14 0:00,1:00:00 AM,1,0,1
5/12/14 0:00,2:00:00 AM,2,0,2
5/12/14 0:00,3:00:00 AM,14,1,15
5/12/14 0:00,4:00:00 AM,17,0,17
5/12/14 0:00,5:00:00 AM,38,1,39
5/12/14 0:00,6:00:00 AM,47,2,49
5/12/14 0:00,7:00:00 AM,41,2,43
5/12/14 0:00,8:00:00 AM,33,5,38
5/12/14 0:00,9:00:00 AM,49,2,51
5/12/14 0:00,10:00:00 AM,47,5,52
5/12/14 0:00,11:00:00 AM,55,11,66
5/12/14 0:00,12:00:00 PM,60,1,61
5/12/14 0:00,1:00:00 PM,43,3,46
5/12/14 0:00,2:00:00 PM,42,4,46
5/12/14 0:00,3:00:00 PM,55,0,55
5/12/14 0:00,4:00:00 PM,79,6,85
5/12/14 0:00,5:00:00 PM,66,1,67
5/12/14 0:00,6:00:00 PM,68,18,86
5/12/14 0:00,7:00:00 PM,79,9,88
5/12/14 0:00,8:00:00 PM,29,0,29
5/12/14 0:00,9:00:00 PM,9,0,9
5/12/14 0:00,10:00:00 PM,1,1,2
5/12/14 0:00,11:00:00 PM,0,0,0
5/13/14 0:00,12:00:00 AM,0,0,0
5/13/14 0:00,1:00:00 AM,0,0,0
5/13/14 0:00,2:00:00 AM,1,0,1
5/13/14 0:00,3:00:00 AM,3,1,4
5/13/14 0:00,4:00:00 AM,17,1,18
5/13/14 0:00,5:00:00 AM,48,2,50
5/13/14 0:00,6:00:00 AM,43,0,43
5/13/14 0:00,7:00:00 AM,29,0,29
5/13/14 0:00,8:00:00 AM,28,2,30
5/13/14 0:00,9:00:00 AM,31,2,33
5/13/14 0:00,10:00:00 AM,56,4,60
5/13/14 0:00,11:00:00 AM,45,8,53
5/13/14 0:00,12:00:00 PM,35,2,37
5/13/14 0:00,1:00:00 PM,27,5,32
5/13/14 0:00,2:00:00 PM,27,4,31
5/13/14 0:00,3:00:00 PM,31,5,36
5/13/14 0:00,4:00:00 PM,29,2,31
5/13/14 0:00,5:00:00 PM,41,4,45
5/13/14 0:00,6:00:00 PM,69,3,72
5/13/14 0:00,7:00:00 PM,67,0,67
5/13/14 0:00,8:00:00 PM,35,1,36
5/13/14 0:00,9:00:00 PM,18,0,18
5/13/14 0:00,10:00:00 PM,14,8,22
5/13/14 0:00,11:00:00 PM,3,0,3
5/14/14 0:00,12:00:00 AM,2,0,2
5/14/14 0:00,1:00:00 AM,3,3,6
5/14/14 0:00,2:00:00 AM,2,0,2
5/14/14 0:00,3:00:00 AM,9,0,9
5/14/14 0:00,4:00:00 AM,29,0,29
5/14/14 0:00,5:00:00 AM,40,0,40
5/14/14 0:00,6:00:00 AM,48,0,48
5/14/14 0:00,7:00:00 AM,26,0,26
5/14/14 0:00,8:00:00 AM,25,3,28
5/14/14 0:00,9:00:00 AM,35,2,37
5/14/14 0:00,10:00:00 AM,64,1,65
5/14/14 0:00,11:00:00 AM,42,2,44
5/14/14 0:00,12:00:00 PM,22,0,22
5/14/14 0:00,1:00:00 PM,20,0,20
5/14/14 0:00,2:00:00 PM,21,1,22
5/14/14 0:00,3:00:00 PM,23,0,23
5/14/14 0:00,4:00:00 PM,32,4,36
5/14/14 0:00,5:00:00 PM,45,1,46
5/14/14 0:00,6:00:00 PM,72,3,75
5/14/14 0:00,7:00:00 PM,57,4,61
5/14/14 0:00,8:00:00 PM,61,0,61
5/14/14 0:00,9:00:00 PM,65,0,65
5/14/14 0:00,10:00:00 PM,32,0,32
5/14/14 0:00,11:00:00 PM,2,0,2
5/15/14 0:00,12:00:00 AM,2,0,2
5/15/14 0:00,1:00:00 AM,0,0,0
5/15/14 0:00,2:00:00 AM,0,0,0
5/15/14 0:00,3:00:00 AM,3,1,4
5/15/14 0:00,4:00:00 AM,29,1,30
5/15/14 0:00,5:00:00 AM,55,1,56
5/15/14 0:00,6:00:00 AM,56,5,61
5/15/14 0:00,7:00:00 AM,36,7,43
5/15/14 0:00,8:00:00 AM,28,2,30
5/15/14 0:00,9:00:00 AM,42,4,46
5/15/14 0:00,10:00:00 AM,38,6,44
5/15/14 0:00,11:00:00 AM,43,2,45
5/15/14 0:00,12:00:00 PM,23,8,31
5/15/14 0:00,1:00:00 PM,17,1,18
5/15/14 0:00,2:00:00 PM,26,3,29
5/15/14 0:00,3:00:00 PM,33,3,36
5/15/14 0:00,4:00:00 PM,40,2,42
5/15/14 0:00,5:00:00 PM,62,4,66
5/15/14 0:00,6:00:00 PM,72,8,80
5/15/14 0:00,7:00:00 PM,67,3,70
5/15/14 0:00,8:00:00 PM,48,2,50
5/15/14 0:00,9:00:00 PM,20,0,20
5/15/14 0:00,10:00:00 PM,8,0,8
5/15/14 0:00,11:00:00 PM,3,0,3
5/16/14 0:00,12:00:00 AM,0,0,0
5/16/14 0:00,1:00:00 AM,2,0,2
5/16/14 0:00,2:00:00 AM,0,0,0
5/16/14 0:00,3:00:00 AM,10,1,11
5/16/14 0:00,4:00:00 AM,38,1,39
5/16/14 0:00,5:00:00 AM,61,1,62
5/16/14 0:00,6:00:00 AM,56,1,57
5/16/14 0:00,7:00:00 AM,54,5,59
5/16/14 0:00,8:00:00 AM,42,6,48
5/16/14 0:00,9:00:00 AM,59,3,62
5/16/14 0:00,10:00:00 AM,55,4,59
5/16/14 0:00,11:00:00 AM,67,2,69
5/16/14 0:00,12:00:00 PM,62,0,62
5/16/14 0:00,1:00:00 PM,22,5,27
5/16/14 0:00,2:00:00 PM,43,4,47
5/16/14 0:00,3:00:00 PM,34,4,38
5/16/14 0:00,4:00:00 PM,41,6,47
5/16/14 0:00,5:00:00 PM,74,8,82
5/16/14 0:00,6:00:00 PM,76,1,77
5/16/14 0:00,7:00:00 PM,77,5,82
5/16/14 0:00,8:00:00 PM,26,0,26
5/16/14 0:00,9:00:00 PM,38,0,38
5/16/14 0:00,10:00:00 PM,10,0,10
5/16/14 0:00,11:00:00 PM,4,0,4
5/17/14 0:00,12:00:00 AM,1,0,1
5/17/14 0:00,1:00:00 AM,1,0,1
5/17/14 0:00,2:00:00 AM,13,0,13
5/17/14 0:00,3:00:00 AM,35,1,36
5/17/14 0:00,4:00:00 AM,120,6,126
5/17/14 0:00,5:00:00 AM,222,20,242
5/17/14 0:00,6:00:00 AM,234,42,276
5/17/14 0:00,7:00:00 AM,184,43,227
5/17/14 0:00,8:00:00 AM,149,48,197
5/17/14 0:00,9:00:00 AM,177,50,227
5/17/14 0:00,10:00:00 AM,213,53,266
5/17/14 0:00,11:00:00 AM,178,27,205
5/17/14 0:00,12:00:00 PM,146,21,167
5/17/14 0:00,1:00:00 PM,133,10,143
5/17/14 0:00,2:00:00 PM,130,9,139
5/17/14 0:00,3:00:00 PM,129,15,144
5/17/14 0:00,4:00:00 PM,122,11,133
5/17/14 0:00,5:00:00 PM,113,6,119
5/17/14 0:00,6:00:00 PM,72,5,77
5/17/14 0:00,7:00:00 PM,68,0,68
5/17/14 0:00,8:00:00 PM,37,0,37
5/17/14 0:00,9:00:00 PM,10,0,10
5/17/14 0:00,10:00:00 PM,2,0,2
5/17/14 0:00,11:00:00 PM,3,0,3
5/18/14 0:00,12:00:00 AM,4,0,4
5/18/14 0:00,1:00:00 AM,0,0,0
5/18/14 0:00,2:00:00 AM,0,0,0
5/18/14 0:00,3:00:00 AM,39,1,40
5/18/14 0:00,4:00:00 AM,73,6,79
5/18/14 0:00,5:00:00 AM,143,34,177
5/18/14 0:00,6:00:00 AM,245,21,266
5/18/14 0:00,7:00:00 AM,163,48,211
5/18/14 0:00,8:00:00 AM,143,46,189
5/18/14 0:00,9:00:00 AM,170,37,207
5/18/14 0:00,10:00:00 AM,135,52,187
5/18/14 0:00,11:00:00 AM,146,38,184
5/18/14 0:00,12:00:00 PM,162,25,187
5/18/14 0:00,1:00:00 PM,169,30,199
5/18/14 0:00,2:00:00 PM,143,17,160
5/18/14 0:00,3:00:00 PM,121,20,141
5/18/14 0:00,4:00:00 PM,126,14,140
5/18/14 0:00,5:00:00 PM,108,9,117
5/18/14 0:00,6:00:00 PM,86,3,89
5/18/14 0:00,7:00:00 PM,46,4,50
5/18/14 0:00,8:00:00 PM,20,0,20
5/18/14 0:00,9:00:00 PM,6,0,6
5/18/14 0:00,10:00:00 PM,1,0,1
5/18/14 0:00,11:00:00 PM,0,0,0
5/19/14 0:00,12:00:00 AM,0,0,0
5/19/14 0:00,1:00:00 AM,0,0,0
5/19/14 0:00,2:00:00 AM,0,0,0
5/19/14 0:00,3:00:00 AM,8,0,8
5/19/14 0:00,4:00:00 AM,29,0,29
5/19/14 0:00,5:00:00 AM,27,2,29
5/19/14 0:00,6:00:00 AM,30,2,32
5/19/14 0:00,7:00:00 AM,54,2,56
5/19/14 0:00,8:00:00 AM,73,1,74
5/19/14 0:00,9:00:00 AM,53,4,57
5/19/14 0:00,10:00:00 AM,58,3,61
5/19/14 0:00,11:00:00 AM,62,4,66
5/19/14 0:00,12:00:00 PM,122,8,130
5/19/14 0:00,1:00:00 PM,46,0,46
5/19/14 0:00,2:00:00 PM,38,9,47
5/19/14 0:00,3:00:00 PM,53,2,55
5/19/14 0:00,4:00:00 PM,55,6,61
5/19/14 0:00,5:00:00 PM,41,3,44
5/19/14 0:00,6:00:00 PM,46,4,50
5/19/14 0:00,7:00:00 PM,27,1,28
5/19/14 0:00,8:00:00 PM,11,0,11
5/19/14 0:00,9:00:00 PM,5,0,5
5/19/14 0:00,10:00:00 PM,0,0,0
5/19/14 0:00,11:00:00 PM,0,0,0
5/20/14 0:00,12:00:00 AM,0,0,0
5/20/14 0:00,1:00:00 AM,0,0,0
5/20/14 0:00,2:00:00 AM,0,0,0
5/20/14 0:00,3:00:00 AM,3,1,4
5/20/14 0:00,4:00:00 AM,16,1,17
5/20/14 0:00,5:00:00 AM,37,0,37
5/20/14 0:00,6:00:00 AM,24,0,24
5/20/14 0:00,7:00:00 AM,32,3,35
5/20/14 0:00,8:00:00 AM,43,3,46
5/20/14 0:00,9:00:00 AM,34,2,36
5/20/14 0:00,10:00:00 AM,48,7,55
5/20/14 0:00,11:00:00 AM,35,0,35
5/20/14 0:00,12:00:00 PM,39,6,45
5/20/14 0:00,1:00:00 PM,50,4,54
5/20/14 0:00,2:00:00 PM,39,5,44
5/20/14 0:00,3:00:00 PM,47,4,51
5/20/14 0:00,4:00:00 PM,74,11,85
5/20/14 0:00,5:00:00 PM,76,10,86
5/20/14 0:00,6:00:00 PM,83,5,88
5/20/14 0:00,7:00:00 PM,87,9,96
5/20/14 0:00,8:00:00 PM,30,1,31
5/20/14 0:00,9:00:00 PM,3,2,5
5/20/14 0:00,10:00:00 PM,2,0,2
5/20/14 0:00,11:00:00 PM,1,1,2
5/21/14 0:00,12:00:00 AM,0,0,0
5/21/14 0:00,1:00:00 AM,1,0,1
5/21/14 0:00,2:00:00 AM,2,0,2
5/21/14 0:00,3:00:00 AM,8,0,8
5/21/14 0:00,4:00:00 AM,28,1,29
5/21/14 0:00,5:00:00 AM,36,0,36
5/21/14 0:00,6:00:00 AM,42,1,43
5/21/14 0:00,7:00:00 AM,62,4,66
5/21/14 0:00,8:00:00 AM,50,5,55
5/21/14 0:00,9:00:00 AM,83,3,86
5/21/14 0:00,10:00:00 AM,63,12,75
5/21/14 0:00,11:00:00 AM,62,6,68
5/21/14 0:00,12:00:00 PM,62,3,65
5/21/14 0:00,1:00:00 PM,48,3,51
5/21/14 0:00,2:00:00 PM,60,6,66
5/21/14 0:00,3:00:00 PM,49,5,54
5/21/14 0:00,4:00:00 PM,75,7,82
5/21/14 0:00,5:00:00 PM,91,8,99
5/21/14 0:00,6:00:00 PM,79,7,86
5/21/14 0:00,7:00:00 PM,65,1,66
5/21/14 0:00,8:00:00 PM,56,1,57
5/21/14 0:00,9:00:00 PM,17,0,17
5/21/14 0:00,10:00:00 PM,2,0,2
5/21/14 0:00,11:00:00 PM,2,0,2
5/22/14 0:00,12:00:00 AM,0,0,0
5/22/14 0:00,1:00:00 AM,0,0,0
5/22/14 0:00,2:00:00 AM,0,0,0
5/22/14 0:00,3:00:00 AM,1,0,1
5/22/14 0:00,4:00:00 AM,31,2,33
5/22/14 0:00,5:00:00 AM,33,2,35
5/22/14 0:00,6:00:00 AM,39,4,43
5/22/14 0:00,7:00:00 AM,43,2,45
5/22/14 0:00,8:00:00 AM,46,0,46
5/22/14 0:00,9:00:00 AM,49,4,53
5/22/14 0:00,10:00:00 AM,60,3,63
5/22/14 0:00,11:00:00 AM,76,2,78
5/22/14 0:00,12:00:00 PM,53,4,57
5/22/14 0:00,1:00:00 PM,45,9,54
5/22/14 0:00,2:00:00 PM,46,8,54
5/22/14 0:00,3:00:00 PM,63,5,68
5/22/14 0:00,4:00:00 PM,59,4,63
5/22/14 0:00,5:00:00 PM,91,5,96
5/22/14 0:00,6:00:00 PM,69,1,70
5/22/14 0:00,7:00:00 PM,59,4,63
5/22/14 0:00,8:00:00 PM,39,1,40
5/22/14 0:00,9:00:00 PM,12,0,12
5/22/14 0:00,10:00:00 PM,1,0,1
5/22/14 0:00,11:00:00 PM,2,0,2
5/23/14 0:00,12:00:00 AM,3,0,3
5/23/14 0:00,1:00:00 AM,1,0,1
5/23/14 0:00,2:00:00 AM,1,0,1
5/23/14 0:00,3:00:00 AM,16,0,16
5/23/14 0:00,4:00:00 AM,34,0,34
5/23/14 0:00,5:00:00 AM,45,1,46
5/23/14 0:00,6:00:00 AM,55,4,59
5/23/14 0:00,7:00:00 AM,69,3,72
5/23/14 0:00,8:00:00 AM,51,9,60
5/23/14 0:00,9:00:00 AM,85,13,98
5/23/14 0:00,10:00:00 AM,93,8,101
5/23/14 0:00,11:00:00 AM,63,10,73
5/23/14 0:00,12:00:00 PM,73,3,76
5/23/14 0:00,1:00:00 PM,46,0,46
5/23/14 0:00,2:00:00 PM,38,7,45
5/23/14 0:00,3:00:00 PM,50,3,53
5/23/14 0:00,4:00:00 PM,73,0,73
5/23/14 0:00,5:00:00 PM,99,7,106
5/23/14 0:00,6:00:00 PM,83,0,83
5/23/14 0:00,7:00:00 PM,85,2,87
5/23/14 0:00,8:00:00 PM,51,0,51
5/23/14 0:00,9:00:00 PM,11,0,11
5/23/14 0:00,10:00:00 PM,56,3,59
5/23/14 0:00,11:00:00 PM,44,1,45
5/24/14 0:00,12:00:00 AM,10,0,10
5/24/14 0:00,1:00:00 AM,6,2,8
5/24/14 0:00,2:00:00 AM,0,0,0
5/24/14 0:00,3:00:00 AM,37,0,37
5/24/14 0:00,4:00:00 AM,122,0,122
5/24/14 0:00,5:00:00 AM,171,13,184
5/24/14 0:00,6:00:00 AM,212,25,237
5/24/14 0:00,7:00:00 AM,182,44,226
5/24/14 0:00,8:00:00 AM,191,57,248
5/24/14 0:00,9:00:00 AM,226,47,273
5/24/14 0:00,10:00:00 AM,244,28,272
5/24/14 0:00,11:00:00 AM,209,46,255
5/24/14 0:00,12:00:00 PM,171,20,191
5/24/14 0:00,1:00:00 PM,126,18,144
5/24/14 0:00,2:00:00 PM,135,9,144
5/24/14 0:00,3:00:00 PM,100,10,110
5/24/14 0:00,4:00:00 PM,127,20,147
5/24/14 0:00,5:00:00 PM,86,11,97
5/24/14 0:00,6:00:00 PM,82,8,90
5/24/14 0:00,7:00:00 PM,80,3,83
5/24/14 0:00,8:00:00 PM,56,1,57
5/24/14 0:00,9:00:00 PM,6,0,6
5/24/14 0:00,10:00:00 PM,1,0,1
5/24/14 0:00,11:00:00 PM,0,0,0
5/25/14 0:00,12:00:00 AM,0,0,0
5/25/14 0:00,1:00:00 AM,0,0,0
5/25/14 0:00,2:00:00 AM,7,0,7
5/25/14 0:00,3:00:00 AM,29,2,31
5/25/14 0:00,4:00:00 AM,86,10,96
5/25/14 0:00,5:00:00 AM,136,14,150
5/25/14 0:00,6:00:00 AM,204,35,239
5/25/14 0:00,7:00:00 AM,141,44,185
5/25/14 0:00,8:00:00 AM,128,55,183
5/25/14 0:00,9:00:00 AM,214,69,283
5/25/14 0:00,10:00:00 AM,219,27,246
5/25/14 0:00,11:00:00 AM,173,46,219
5/25/14 0:00,12:00:00 PM,181,27,208
5/25/14 0:00,1:00:00 PM,152,39,191
5/25/14 0:00,2:00:00 PM,114,9,123
5/25/14 0:00,3:00:00 PM,121,5,126
5/25/14 0:00,4:00:00 PM,102,10,112
5/25/14 0:00,5:00:00 PM,104,8,112
5/25/14 0:00,6:00:00 PM,77,3,80
5/25/14 0:00,7:00:00 PM,91,1,92
5/25/14 0:00,8:00:00 PM,65,2,67
5/25/14 0:00,9:00:00 PM,12,0,12
5/25/14 0:00,10:00:00 PM,6,0,6
5/25/14 0:00,11:00:00 PM,7,0,7
5/26/14 0:00,12:00:00 AM,0,0,0
5/26/14 0:00,1:00:00 AM,0,0,0
5/26/14 0:00,2:00:00 AM,10,0,10
5/26/14 0:00,3:00:00 AM,36,0,36
5/26/14 0:00,4:00:00 AM,103,1,104
5/26/14 0:00,5:00:00 AM,192,17,209
5/26/14 0:00,6:00:00 AM,241,44,285
5/26/14 0:00,7:00:00 AM,176,34,210
5/26/14 0:00,8:00:00 AM,165,57,222
5/26/14 0:00,9:00:00 AM,322,61,383
5/26/14 0:00,10:00:00 AM,335,32,367
5/26/14 0:00,11:00:00 AM,263,49,312
5/26/14 0:00,12:00:00 PM,228,23,251
5/26/14 0:00,1:00:00 PM,193,20,213
5/26/14 0:00,2:00:00 PM,152,17,169
5/26/14 0:00,3:00:00 PM,132,16,148
5/26/14 0:00,4:00:00 PM,113,14,127
5/26/14 0:00,5:00:00 PM,95,12,107
5/26/14 0:00,6:00:00 PM,108,8,116
5/26/14 0:00,7:00:00 PM,90,9,99
5/26/14 0:00,8:00:00 PM,57,2,59
5/26/14 0:00,9:00:00 PM,17,0,17
5/26/14 0:00,10:00:00 PM,6,0,6
5/26/14 0:00,11:00:00 PM,2,0,2
5/27/14 0:00,12:00:00 AM,0,0,0
5/27/14 0:00,1:00:00 AM,0,0,0
5/27/14 0:00,2:00:00 AM,1,0,1
5/27/14 0:00,3:00:00 AM,7,1,8
5/27/14 0:00,4:00:00 AM,24,1,25
5/27/14 0:00,5:00:00 AM,47,0,47
5/27/14 0:00,6:00:00 AM,41,4,45
5/27/14 0:00,7:00:00 AM,40,2,42
5/27/14 0:00,8:00:00 AM,42,5,47
5/27/14 0:00,9:00:00 AM,81,2,83
5/27/14 0:00,10:00:00 AM,71,8,79
5/27/14 0:00,11:00:00 AM,87,0,87
5/27/14 0:00,12:00:00 PM,66,8,74
5/27/14 0:00,1:00:00 PM,66,6,72
5/27/14 0:00,2:00:00 PM,49,4,53
5/27/14 0:00,3:00:00 PM,56,5,61
5/27/14 0:00,4:00:00 PM,59,3,62
5/27/14 0:00,5:00:00 PM,75,9,84
5/27/14 0:00,6:00:00 PM,61,1,62
5/27/14 0:00,7:00:00 PM,70,3,73
5/27/14 0:00,8:00:00 PM,45,0,45
5/27/14 0:00,9:00:00 PM,21,0,21
5/27/14 0:00,10:00:00 PM,10,0,10
5/27/14 0:00,11:00:00 PM,1,0,1
5/28/14 0:00,12:00:00 AM,0,0,0
5/28/14 0:00,1:00:00 AM,0,0,0
5/28/14 0:00,2:00:00 AM,1,0,1
5/28/14 0:00,3:00:00 AM,16,0,16
5/28/14 0:00,4:00:00 AM,28,0,28
5/28/14 0:00,5:00:00 AM,62,4,66
5/28/14 0:00,6:00:00 AM,60,0,60
5/28/14 0:00,7:00:00 AM,53,3,56
5/28/14 0:00,8:00:00 AM,42,27,69
5/28/14 0:00,9:00:00 AM,77,5,82
5/28/14 0:00,10:00:00 AM,73,7,80
5/28/14 0:00,11:00:00 AM,62,9,71
5/28/14 0:00,12:00:00 PM,74,5,79
5/28/14 0:00,1:00:00 PM,61,2,63
5/28/14 0:00,2:00:00 PM,44,1,45
5/28/14 0:00,3:00:00 PM,72,6,78
5/28/14 0:00,4:00:00 PM,86,15,101
5/28/14 0:00,5:00:00 PM,77,12,89
5/28/14 0:00,6:00:00 PM,65,19,84
5/28/14 0:00,7:00:00 PM,72,7,79
5/28/14 0:00,8:00:00 PM,40,2,42
5/28/14 0:00,9:00:00 PM,19,0,19
5/28/14 0:00,10:00:00 PM,4,11,15
5/28/14 0:00,11:00:00 PM,1,0,1
5/29/14 0:00,12:00:00 AM,2,1,3
5/29/14 0:00,1:00:00 AM,0,6,6
5/29/14 0:00,2:00:00 AM,0,1,1
5/29/14 0:00,3:00:00 AM,7,1,8
5/29/14 0:00,4:00:00 AM,35,0,35
5/29/14 0:00,5:00:00 AM,40,2,42
5/29/14 0:00,6:00:00 AM,47,9,56
5/29/14 0:00,7:00:00 AM,50,4,54
5/29/14 0:00,8:00:00 AM,30,4,34
5/29/14 0:00,9:00:00 AM,80,30,110
5/29/14 0:00,10:00:00 AM,74,4,78
5/29/14 0:00,11:00:00 AM,76,5,81
5/29/14 0:00,12:00:00 PM,71,15,86
5/29/14 0:00,1:00:00 PM,61,18,79
5/29/14 0:00,2:00:00 PM,50,1,51
5/29/14 0:00,3:00:00 PM,62,3,65
5/29/14 0:00,4:00:00 PM,66,3,69
5/29/14 0:00,5:00:00 PM,108,13,121
5/29/14 0:00,6:00:00 PM,78,6,84
5/29/14 0:00,7:00:00 PM,83,3,86
5/29/14 0:00,8:00:00 PM,71,0,71
5/29/14 0:00,9:00:00 PM,25,0,25
5/29/14 0:00,10:00:00 PM,22,0,22
5/29/14 0:00,11:00:00 PM,4,0,4
5/30/14 0:00,12:00:00 AM,1,0,1
5/30/14 0:00,1:00:00 AM,1,0,1
5/30/14 0:00,2:00:00 AM,1,0,1
5/30/14 0:00,3:00:00 AM,28,1,29
5/30/14 0:00,4:00:00 AM,31,1,32
5/30/14 0:00,5:00:00 AM,62,1,63
5/30/14 0:00,6:00:00 AM,62,10,72
5/30/14 0:00,7:00:00 AM,60,5,65
5/30/14 0:00,8:00:00 AM,83,4,87
5/30/14 0:00,9:00:00 AM,90,14,104
5/30/14 0:00,10:00:00 AM,92,9,101
5/30/14 0:00,11:00:00 AM,76,8,84
5/30/14 0:00,12:00:00 PM,73,5,78
5/30/14 0:00,1:00:00 PM,82,3,85
5/30/14 0:00,2:00:00 PM,36,2,38
5/30/14 0:00,3:00:00 PM,52,7,59
5/30/14 0:00,4:00:00 PM,67,8,75
5/30/14 0:00,5:00:00 PM,78,1,79
5/30/14 0:00,6:00:00 PM,92,1,93
5/30/14 0:00,7:00:00 PM,58,0,58
5/30/14 0:00,8:00:00 PM,28,0,28
5/30/14 0:00,9:00:00 PM,11,0,11
5/30/14 0:00,10:00:00 PM,5,0,5
5/30/14 0:00,11:00:00 PM,9,0,9
5/31/14 0:00,12:00:00 AM,0,0,0
5/31/14 0:00,1:00:00 AM,0,0,0
5/31/14 0:00,2:00:00 AM,5,0,5
5/31/14 0:00,3:00:00 AM,34,1,35
5/31/14 0:00,4:00:00 AM,109,2,111
5/31/14 0:00,5:00:00 AM,180,15,195
5/31/14 0:00,6:00:00 AM,145,43,188
5/31/14 0:00,7:00:00 AM,206,81,287
5/31/14 0:00,8:00:00 AM,216,64,280
5/31/14 0:00,9:00:00 AM,253,90,343
5/31/14 0:00,10:00:00 AM,268,50,318
5/31/14 0:00,11:00:00 AM,228,34,262
5/31/14 0:00,12:00:00 PM,152,28,180
5/31/14 0:00,1:00:00 PM,182,45,227
5/31/14 0:00,2:00:00 PM,151,25,176
5/31/14 0:00,3:00:00 PM,138,12,150
5/31/14 0:00,4:00:00 PM,136,16,152
5/31/14 0:00,5:00:00 PM,125,15,140
5/31/14 0:00,6:00:00 PM,95,21,116
5/31/14 0:00,7:00:00 PM,137,14,151
5/31/14 0:00,8:00:00 PM,78,5,83
5/31/14 0:00,9:00:00 PM,27,0,27
5/31/14 0:00,10:00:00 PM,24,0,24
5/31/14 0:00,11:00:00 PM,14,0,14
6/1/14 0:00,12:00:00 AM,0,0,0
6/1/14 0:00,1:00:00 AM,2,0,2
6/1/14 0:00,2:00:00 AM,5,1,6
6/1/14 0:00,3:00:00 AM,32,1,33
6/1/14 0:00,4:00:00 AM,101,4,105
6/1/14 0:00,5:00:00 AM,149,38,187
6/1/14 0:00,6:00:00 AM,150,48,198
6/1/14 0:00,7:00:00 AM,211,83,294
6/1/14 0:00,8:00:00 AM,177,61,238
6/1/14 0:00,9:00:00 AM,249,40,289
6/1/14 0:00,10:00:00 AM,215,49,264
6/1/14 0:00,11:00:00 AM,172,40,212
6/1/14 0:00,12:00:00 PM,170,23,193
6/1/14 0:00,1:00:00 PM,154,13,167
6/1/14 0:00,2:00:00 PM,125,11,136
6/1/14 0:00,3:00:00 PM,123,13,136
6/1/14 0:00,4:00:00 PM,112,7,119
6/1/14 0:00,5:00:00 PM,103,21,124
6/1/14 0:00,6:00:00 PM,99,6,105
6/1/14 0:00,7:00:00 PM,79,10,89
6/1/14 0:00,8:00:00 PM,37,13,50
6/1/14 0:00,9:00:00 PM,24,1,25
6/1/14 0:00,10:00:00 PM,4,0,4
6/1/14 0:00,11:00:00 PM,2,0,2
6/2/14 0:00,12:00:00 AM,0,0,0
6/2/14 0:00,1:00:00 AM,1,0,1
6/2/14 0:00,2:00:00 AM,0,1,1
6/2/14 0:00,3:00:00 AM,12,1,13
6/2/14 0:00,4:00:00 AM,24,4,28
6/2/14 0:00,5:00:00 AM,42,1,43
6/2/14 0:00,6:00:00 AM,58,9,67
6/2/14 0:00,7:00:00 AM,42,1,43
6/2/14 0:00,8:00:00 AM,62,9,71
6/2/14 0:00,10:00:00 AM,71,8,79
6/2/14 0:00,11:00:00 AM,76,3,79
6/2/14 0:00,12:00:00 PM,73,13,86
6/2/14 0:00,1:00:00 PM,59,3,62
6/2/14 0:00,2:00:00 PM,61,4,65
6/2/14 0:00,3:00:00 PM,59,14,73
6/2/14 0:00,4:00:00 PM,85,3,88
6/2/14 0:00,5:00:00 PM,70,11,81
6/2/14 0:00,6:00:00 PM,83,8,91
6/2/14 0:00,7:00:00 PM,47,1,48
6/2/14 0:00,8:00:00 PM,38,2,40
6/2/14 0:00,9:00:00 PM,10,2,12
6/2/14 0:00,10:00:00 PM,0,1,1
6/2/14 0:00,11:00:00 PM,0,0,0
6/3/14 0:00,12:00:00 AM,0,0,0
6/3/14 0:00,1:00:00 AM,1,0,1
6/3/14 0:00,2:00:00 AM,1,0,1
6/3/14 0:00,3:00:00 AM,12,0,12
6/3/14 0:00,4:00:00 AM,35,0,35
6/3/14 0:00,5:00:00 AM,29,2,31
6/3/14 0:00,6:00:00 AM,39,1,40
6/3/14 0:00,7:00:00 AM,55,8,63
6/3/14 0:00,8:00:00 AM,65,2,67
6/3/14 0:00,9:00:00 AM,77,7,84
6/3/14 0:00,10:00:00 AM,102,4,106
6/3/14 0:00,11:00:00 AM,79,6,85
6/3/14 0:00,12:00:00 PM,99,5,104
6/3/14 0:00,1:00:00 PM,55,7,62
6/3/14 0:00,2:00:00 PM,66,3,69
6/3/14 0:00,3:00:00 PM,77,3,80
6/3/14 0:00,4:00:00 PM,88,3,91
6/3/14 0:00,5:00:00 PM,92,6,98
6/3/14 0:00,6:00:00 PM,83,7,90
6/3/14 0:00,7:00:00 PM,86,2,88
6/3/14 0:00,8:00:00 PM,72,0,72
6/3/14 0:00,9:00:00 PM,19,0,19
6/3/14 0:00,10:00:00 PM,9,0,9
6/3/14 0:00,11:00:00 PM,3,0,3
6/4/14 0:00,12:00:00 AM,0,0,0
6/4/14 0:00,1:00:00 AM,0,0,0
6/4/14 0:00,2:00:00 AM,1,1,2
6/4/14 0:00,3:00:00 AM,8,1,9
6/4/14 0:00,4:00:00 AM,40,2,42
6/4/14 0:00,5:00:00 AM,61,1,62
6/4/14 0:00,6:00:00 AM,73,6,79
6/4/14 0:00,7:00:00 AM,51,3,54
6/4/14 0:00,8:00:00 AM,70,8,78
6/4/14 0:00,9:00:00 AM,87,10,97
6/4/14 0:00,10:00:00 AM,122,11,133
6/4/14 0:00,11:00:00 AM,79,8,87
6/4/14 0:00,12:00:00 PM,65,4,69
6/4/14 0:00,1:00:00 PM,54,6,60
6/4/14 0:00,2:00:00 PM,60,8,68
6/4/14 0:00,3:00:00 PM,60,8,68
6/4/14 0:00,4:00:00 PM,93,5,98
6/4/14 0:00,5:00:00 PM,99,13,112
6/4/14 0:00,6:00:00 PM,63,3,66
6/4/14 0:00,7:00:00 PM,78,3,81
6/4/14 0:00,8:00:00 PM,61,0,61
6/4/14 0:00,9:00:00 PM,36,0,36
6/4/14 0:00,10:00:00 PM,2,0,2
6/4/14 0:00,11:00:00 PM,6,0,6
6/5/14 0:00,12:00:00 AM,0,0,0
6/5/14 0:00,1:00:00 AM,0,0,0
6/5/14 0:00,2:00:00 AM,1,0,1
6/5/14 0:00,3:00:00 AM,22,0,22
6/5/14 0:00,4:00:00 AM,43,1,44
6/5/14 0:00,5:00:00 AM,47,0,47
6/5/14 0:00,6:00:00 AM,49,3,52
6/5/14 0:00,7:00:00 AM,44,2,46
6/5/14 0:00,8:00:00 AM,50,1,51
6/5/14 0:00,9:00:00 AM,91,11,102
6/5/14 0:00,10:00:00 AM,74,5,79
6/5/14 0:00,11:00:00 AM,80,3,83
6/5/14 0:00,12:00:00 PM,72,5,77
6/5/14 0:00,1:00:00 PM,62,4,66
6/5/14 0:00,2:00:00 PM,62,1,63
6/5/14 0:00,3:00:00 PM,76,9,85
6/5/14 0:00,4:00:00 PM,85,5,90
6/5/14 0:00,5:00:00 PM,106,6,112
6/5/14 0:00,6:00:00 PM,70,4,74
6/5/14 0:00,7:00:00 PM,63,1,64
6/5/14 0:00,8:00:00 PM,55,0,55
6/5/14 0:00,9:00:00 PM,17,0,17
6/5/14 0:00,10:00:00 PM,8,0,8
6/5/14 0:00,11:00:00 PM,1,0,1
6/6/14 0:00,12:00:00 AM,4,0,4
6/6/14 0:00,1:00:00 AM,2,0,2
6/6/14 0:00,2:00:00 AM,0,1,1
6/6/14 0:00,3:00:00 AM,17,1,18
6/6/14 0:00,4:00:00 AM,40,3,43
6/6/14 0:00,5:00:00 AM,55,1,56
6/6/14 0:00,6:00:00 AM,74,3,77
6/6/14 0:00,7:00:00 AM,58,8,66
6/6/14 0:00,8:00:00 AM,65,6,71
6/6/14 0:00,9:00:00 AM,99,4,103
6/6/14 0:00,10:00:00 AM,91,10,101
6/6/14 0:00,11:00:00 AM,76,4,80
6/6/14 0:00,12:00:00 PM,57,3,60
6/6/14 0:00,1:00:00 PM,55,2,57
6/6/14 0:00,2:00:00 PM,51,3,54
6/6/14 0:00,3:00:00 PM,48,3,51
6/6/14 0:00,4:00:00 PM,68,7,75
6/6/14 0:00,5:00:00 PM,68,13,81
6/6/14 0:00,6:00:00 PM,78,21,99
6/6/14 0:00,7:00:00 PM,63,3,66
6/6/14 0:00,8:00:00 PM,46,1,47
6/6/14 0:00,9:00:00 PM,13,0,13
6/6/14 0:00,10:00:00 PM,16,0,16
6/6/14 0:00,11:00:00 PM,6,0,6
6/7/14 0:00,12:00:00 AM,3,0,3
6/7/14 0:00,1:00:00 AM,2,0,2
6/7/14 0:00,2:00:00 AM,6,0,6
6/7/14 0:00,3:00:00 AM,39,0,39
6/7/14 0:00,4:00:00 AM,182,11,193
6/7/14 0:00,5:00:00 AM,243,28,271
6/7/14 0:00,6:00:00 AM,218,36,254
6/7/14 0:00,7:00:00 AM,207,55,262
6/7/14 0:00,8:00:00 AM,205,57,262
6/7/14 0:00,9:00:00 AM,228,60,288
6/7/14 0:00,10:00:00 AM,243,47,290
6/7/14 0:00,11:00:00 AM,196,25,221
6/7/14 0:00,12:00:00 PM,155,21,176
6/7/14 0:00,1:00:00 PM,133,22,155
6/7/14 0:00,2:00:00 PM,116,12,128
6/7/14 0:00,3:00:00 PM,86,12,98
6/7/14 0:00,4:00:00 PM,97,15,112
6/7/14 0:00,5:00:00 PM,108,5,113
6/7/14 0:00,6:00:00 PM,59,4,63
6/7/14 0:00,7:00:00 PM,77,6,83
6/7/14 0:00,8:00:00 PM,84,2,86
6/7/14 0:00,9:00:00 PM,30,1,31
6/7/14 0:00,10:00:00 PM,8,0,8
6/7/14 0:00,11:00:00 PM,2,0,2
6/8/14 0:00,12:00:00 AM,0,0,0
6/8/14 0:00,1:00:00 AM,0,0,0
6/8/14 0:00,2:00:00 AM,3,0,3
6/8/14 0:00,3:00:00 AM,40,1,41
6/8/14 0:00,4:00:00 AM,96,3,99
6/8/14 0:00,5:00:00 AM,241,38,279
6/8/14 0:00,6:00:00 AM,203,37,240
6/8/14 0:00,7:00:00 AM,157,43,200
6/8/14 0:00,8:00:00 AM,182,37,219
6/8/14 0:00,9:00:00 AM,215,43,258
6/8/14 0:00,10:00:00 AM,236,67,303
6/8/14 0:00,11:00:00 AM,176,33,209
6/8/14 0:00,12:00:00 PM,124,17,141
6/8/14 0:00,1:00:00 PM,104,37,141
6/8/14 0:00,2:00:00 PM,88,16,104
6/8/14 0:00,3:00:00 PM,75,5,80
6/8/14 0:00,4:00:00 PM,79,9,88
6/8/14 0:00,5:00:00 PM,68,13,81
6/8/14 0:00,6:00:00 PM,42,10,52
6/8/14 0:00,7:00:00 PM,48,3,51
6/8/14 0:00,8:00:00 PM,59,2,61
6/8/14 0:00,9:00:00 PM,12,0,12
6/8/14 0:00,10:00:00 PM,2,0,2
6/8/14 0:00,11:00:00 PM,0,1,1
6/9/14 0:00,12:00:00 AM,0,2,2
6/9/14 0:00,1:00:00 AM,0,0,0
6/9/14 0:00,2:00:00 AM,1,1,2
6/9/14 0:00,3:00:00 AM,11,1,12
6/9/14 0:00,4:00:00 AM,30,2,32
6/9/14 0:00,5:00:00 AM,54,1,55
6/9/14 0:00,6:00:00 AM,59,15,74
6/9/14 0:00,7:00:00 AM,43,7,50
6/9/14 0:00,8:00:00 AM,50,5,55
6/9/14 0:00,9:00:00 AM,93,13,106
6/9/14 0:00,10:00:00 AM,73,3,76
6/9/14 0:00,11:00:00 AM,75,1,76
6/9/14 0:00,12:00:00 PM,60,1,61
6/9/14 0:00,1:00:00 PM,53,0,53
6/9/14 0:00,2:00:00 PM,38,1,39
6/9/14 0:00,3:00:00 PM,34,3,37
6/9/14 0:00,4:00:00 PM,46,3,49
6/9/14 0:00,5:00:00 PM,56,3,59
6/9/14 0:00,6:00:00 PM,40,18,58
6/9/14 0:00,7:00:00 PM,56,8,64
6/9/14 0:00,8:00:00 PM,37,0,37
6/9/14 0:00,9:00:00 PM,27,2,29
6/9/14 0:00,10:00:00 PM,4,0,4
6/9/14 0:00,11:00:00 PM,4,0,4
6/10/14 0:00,12:00:00 AM,8,0,8
6/10/14 0:00,1:00:00 AM,0,0,0
6/10/14 0:00,2:00:00 AM,1,1,2
6/10/14 0:00,3:00:00 AM,14,1,15
6/10/14 0:00,4:00:00 AM,31,0,31
6/10/14 0:00,5:00:00 AM,61,2,63
6/10/14 0:00,6:00:00 AM,50,2,52
6/10/14 0:00,7:00:00 AM,46,0,46
6/10/14 0:00,8:00:00 AM,61,3,64
6/10/14 0:00,9:00:00 AM,81,5,86
6/10/14 0:00,10:00:00 AM,86,4,90
6/10/14 0:00,11:00:00 AM,62,4,66
6/10/14 0:00,12:00:00 PM,57,3,60
6/10/14 0:00,1:00:00 PM,54,1,55
6/10/14 0:00,2:00:00 PM,35,1,36
6/10/14 0:00,3:00:00 PM,54,7,61
6/10/14 0:00,4:00:00 PM,73,7,80
6/10/14 0:00,5:00:00 PM,69,7,76
6/10/14 0:00,6:00:00 PM,86,10,96
6/10/14 0:00,7:00:00 PM,77,4,81
6/10/14 0:00,8:00:00 PM,72,6,78
6/10/14 0:00,9:00:00 PM,23,1,24
6/10/14 0:00,10:00:00 PM,19,0,19
6/10/14 0:00,11:00:00 PM,0,0,0
6/11/14 0:00,12:00:00 AM,4,0,4
6/11/14 0:00,1:00:00 AM,0,0,0
6/11/14 0:00,2:00:00 AM,0,1,1
6/11/14 0:00,3:00:00 AM,19,1,20
6/11/14 0:00,4:00:00 AM,57,0,57
6/11/14 0:00,5:00:00 AM,63,13,76
6/11/14 0:00,6:00:00 AM,74,18,92
6/11/14 0:00,7:00:00 AM,49,6,55
6/11/14 0:00,8:00:00 AM,71,4,75
6/11/14 0:00,9:00:00 AM,80,9,89
6/11/14 0:00,10:00:00 AM,92,10,102
6/11/14 0:00,11:00:00 AM,67,3,70
6/11/14 0:00,12:00:00 PM,80,3,83
6/11/14 0:00,1:00:00 PM,59,1,60
6/11/14 0:00,2:00:00 PM,53,4,57
6/11/14 0:00,3:00:00 PM,50,3,53
6/11/14 0:00,4:00:00 PM,83,11,94
6/11/14 0:00,5:00:00 PM,115,7,122
6/11/14 0:00,6:00:00 PM,98,12,110
6/11/14 0:00,7:00:00 PM,60,2,62
6/11/14 0:00,8:00:00 PM,75,2,77
6/11/14 0:00,9:00:00 PM,18,0,18
6/11/14 0:00,10:00:00 PM,1,0,1
6/11/14 0:00,11:00:00 PM,2,0,2
6/12/14 0:00,12:00:00 AM,0,0,0
6/12/14 0:00,1:00:00 AM,0,0,0
6/12/14 0:00,2:00:00 AM,2,0,2
6/12/14 0:00,3:00:00 AM,14,1,15
6/12/14 0:00,4:00:00 AM,34,1,35
6/12/14 0:00,5:00:00 AM,39,1,40
6/12/14 0:00,6:00:00 AM,73,0,73
6/12/14 0:00,7:00:00 AM,47,3,50
6/12/14 0:00,8:00:00 AM,79,8,87
6/12/14 0:00,9:00:00 AM,73,6,79
6/12/14 0:00,10:00:00 AM,68,7,75
6/12/14 0:00,11:00:00 AM,59,2,61
6/12/14 0:00,12:00:00 PM,72,3,75
6/12/14 0:00,1:00:00 PM,53,4,57
6/12/14 0:00,2:00:00 PM,45,3,48
6/12/14 0:00,3:00:00 PM,65,3,68
6/12/14 0:00,4:00:00 PM,91,6,97
6/12/14 0:00,5:00:00 PM,87,10,97
6/12/14 0:00,6:00:00 PM,90,4,94
6/12/14 0:00,7:00:00 PM,74,0,74
6/12/14 0:00,8:00:00 PM,67,3,70
6/12/14 0:00,9:00:00 PM,37,0,37
6/12/14 0:00,10:00:00 PM,8,2,10
6/12/14 0:00,11:00:00 PM,2,0,2
6/13/14 0:00,12:00:00 AM,3,0,3
6/13/14 0:00,1:00:00 AM,2,0,2
6/13/14 0:00,2:00:00 AM,3,0,3
6/13/14 0:00,3:00:00 AM,29,1,30
6/13/14 0:00,4:00:00 AM,62,0,62
6/13/14 0:00,5:00:00 AM,102,9,111
6/13/14 0:00,6:00:00 AM,94,5,99
6/13/14 0:00,7:00:00 AM,63,19,82
6/13/14 0:00,8:00:00 AM,79,16,95
6/13/14 0:00,9:00:00 AM,77,12,89
6/13/14 0:00,10:00:00 AM,82,5,87
6/13/14 0:00,11:00:00 AM,78,10,88
6/13/14 0:00,12:00:00 PM,54,30,84
6/13/14 0:00,1:00:00 PM,47,20,67
6/13/14 0:00,2:00:00 PM,52,7,59
6/13/14 0:00,3:00:00 PM,47,6,53
6/13/14 0:00,4:00:00 PM,35,11,46
6/13/14 0:00,5:00:00 PM,64,4,68
6/13/14 0:00,6:00:00 PM,111,5,116
6/13/14 0:00,7:00:00 PM,120,2,122
6/13/14 0:00,8:00:00 PM,103,0,103
6/13/14 0:00,9:00:00 PM,45,0,45
6/13/14 0:00,10:00:00 PM,61,1,62
6/13/14 0:00,11:00:00 PM,48,0,48
6/14/14 0:00,12:00:00 AM,13,0,13
6/14/14 0:00,1:00:00 AM,1,0,1
6/14/14 0:00,2:00:00 AM,7,1,8
6/14/14 0:00,3:00:00 AM,43,2,45
6/14/14 0:00,4:00:00 AM,160,7,167
6/14/14 0:00,5:00:00 AM,216,49,265
6/14/14 0:00,6:00:00 AM,246,57,303
6/14/14 0:00,7:00:00 AM,185,59,244
6/14/14 0:00,8:00:00 AM,182,60,242
6/14/14 0:00,9:00:00 AM,233,49,282
6/14/14 0:00,10:00:00 AM,189,52,241
6/14/14 0:00,11:00:00 AM,199,25,224
6/14/14 0:00,12:00:00 PM,157,26,183
6/14/14 0:00,1:00:00 PM,111,8,119
6/14/14 0:00,2:00:00 PM,72,16,88
6/14/14 0:00,3:00:00 PM,66,12,78
6/14/14 0:00,4:00:00 PM,91,8,99
6/14/14 0:00,5:00:00 PM,77,24,101
6/14/14 0:00,6:00:00 PM,92,13,105
6/14/14 0:00,7:00:00 PM,91,6,97
6/14/14 0:00,8:00:00 PM,73,6,79
6/14/14 0:00,9:00:00 PM,41,0,41
6/14/14 0:00,10:00:00 PM,9,0,9
6/14/14 0:00,11:00:00 PM,10,0,10
6/15/14 0:00,12:00:00 AM,2,0,2
6/15/14 0:00,1:00:00 AM,3,0,3
6/15/14 0:00,2:00:00 AM,0,1,1
6/15/14 0:00,3:00:00 AM,41,1,42
6/15/14 0:00,4:00:00 AM,110,16,126
6/15/14 0:00,5:00:00 AM,185,13,198
6/15/14 0:00,6:00:00 AM,167,58,225
6/15/14 0:00,7:00:00 AM,146,72,218
6/15/14 0:00,8:00:00 AM,163,86,249
6/15/14 0:00,9:00:00 AM,200,52,252
6/15/14 0:00,10:00:00 AM,224,48,272
6/15/14 0:00,11:00:00 AM,168,38,206
6/15/14 0:00,12:00:00 PM,129,19,148
6/15/14 0:00,1:00:00 PM,100,23,123
6/15/14 0:00,2:00:00 PM,140,21,161
6/15/14 0:00,3:00:00 PM,129,20,149
6/15/14 0:00,4:00:00 PM,107,18,125
6/15/14 0:00,5:00:00 PM,121,9,130
6/15/14 0:00,6:00:00 PM,99,9,108
6/15/14 0:00,7:00:00 PM,72,5,77
6/15/14 0:00,8:00:00 PM,38,3,41
6/15/14 0:00,9:00:00 PM,8,0,8
6/15/14 0:00,10:00:00 PM,2,0,2
6/15/14 0:00,11:00:00 PM,0,0,0
6/16/14 0:00,12:00:00 AM,1,0,1
6/16/14 0:00,1:00:00 AM,0,0,0
6/16/14 0:00,2:00:00 AM,3,0,3
6/16/14 0:00,3:00:00 AM,12,0,12
6/16/14 0:00,4:00:00 AM,39,0,39
6/16/14 0:00,5:00:00 AM,51,4,55
6/16/14 0:00,6:00:00 AM,59,3,62
6/16/14 0:00,7:00:00 AM,50,8,58
6/16/14 0:00,8:00:00 AM,53,4,57
6/16/14 0:00,9:00:00 AM,85,7,92
6/16/14 0:00,10:00:00 AM,81,11,92
6/16/14 0:00,11:00:00 AM,113,17,130
6/16/14 0:00,12:00:00 PM,55,0,55
6/16/14 0:00,1:00:00 PM,71,7,78
6/16/14 0:00,2:00:00 PM,60,18,78
6/16/14 0:00,3:00:00 PM,46,13,59
6/16/14 0:00,4:00:00 PM,84,10,94
6/16/14 0:00,5:00:00 PM,119,5,124
6/16/14 0:00,6:00:00 PM,63,2,65
6/16/14 0:00,7:00:00 PM,45,4,49
6/16/14 0:00,8:00:00 PM,44,4,48
6/16/14 0:00,9:00:00 PM,18,0,18
6/16/14 0:00,10:00:00 PM,1,3,4
6/16/14 0:00,11:00:00 PM,3,0,3
6/17/14 0:00,12:00:00 AM,0,0,0
6/17/14 0:00,1:00:00 AM,0,0,0
6/17/14 0:00,2:00:00 AM,0,1,1
6/17/14 0:00,3:00:00 AM,13,1,14
6/17/14 0:00,4:00:00 AM,30,0,30
6/17/14 0:00,5:00:00 AM,85,3,88
6/17/14 0:00,6:00:00 AM,67,7,74
6/17/14 0:00,7:00:00 AM,96,5,101
6/17/14 0:00,8:00:00 AM,85,4,89
6/17/14 0:00,9:00:00 AM,105,6,111
6/17/14 0:00,10:00:00 AM,79,4,83
6/17/14 0:00,11:00:00 AM,89,6,95
6/17/14 0:00,12:00:00 PM,83,10,93
6/17/14 0:00,1:00:00 PM,45,4,49
6/17/14 0:00,2:00:00 PM,61,8,69
6/17/14 0:00,3:00:00 PM,58,7,65
6/17/14 0:00,4:00:00 PM,59,20,79
6/17/14 0:00,5:00:00 PM,85,17,102
6/17/14 0:00,6:00:00 PM,69,11,80
6/17/14 0:00,7:00:00 PM,87,11,98
6/17/14 0:00,8:00:00 PM,56,13,69
6/17/14 0:00,9:00:00 PM,24,0,24
6/17/14 0:00,10:00:00 PM,4,0,4
6/17/14 0:00,11:00:00 PM,0,0,0
6/18/14 0:00,12:00:00 AM,0,0,0
6/18/14 0:00,1:00:00 AM,0,0,0
6/18/14 0:00,2:00:00 AM,2,1,3
6/18/14 0:00,3:00:00 AM,15,1,16
6/18/14 0:00,4:00:00 AM,41,0,41
6/18/14 0:00,5:00:00 AM,68,3,71
6/18/14 0:00,6:00:00 AM,83,7,90
6/18/14 0:00,7:00:00 AM,50,6,56
6/18/14 0:00,8:00:00 AM,57,7,64
6/18/14 0:00,9:00:00 AM,90,7,97
6/18/14 0:00,10:00:00 AM,83,12,95
6/18/14 0:00,11:00:00 AM,71,8,79
6/18/14 0:00,12:00:00 PM,73,3,76
6/18/14 0:00,1:00:00 PM,47,8,55
6/18/14 0:00,2:00:00 PM,57,10,67
6/18/14 0:00,3:00:00 PM,60,8,68
6/18/14 0:00,4:00:00 PM,98,6,104
6/18/14 0:00,5:00:00 PM,132,16,148
6/18/14 0:00,6:00:00 PM,95,5,100
6/18/14 0:00,7:00:00 PM,94,7,101
6/18/14 0:00,8:00:00 PM,84,6,90
6/18/14 0:00,9:00:00 PM,31,1,32
6/18/14 0:00,10:00:00 PM,10,1,11
6/18/14 0:00,11:00:00 PM,0,0,0
6/19/14 0:00,12:00:00 AM,0,0,0
6/19/14 0:00,1:00:00 AM,0,0,0
6/19/14 0:00,2:00:00 AM,3,1,4
6/19/14 0:00,3:00:00 AM,12,2,14
6/19/14 0:00,4:00:00 AM,38,1,39
6/19/14 0:00,5:00:00 AM,66,3,69
6/19/14 0:00,6:00:00 AM,88,3,91
6/19/14 0:00,7:00:00 AM,46,3,49
6/19/14 0:00,8:00:00 AM,57,1,58
6/19/14 0:00,9:00:00 AM,83,6,89
6/19/14 0:00,10:00:00 AM,95,4,99
6/19/14 0:00,11:00:00 AM,54,7,61
6/19/14 0:00,12:00:00 PM,68,6,74
6/19/14 0:00,1:00:00 PM,84,10,94
6/19/14 0:00,2:00:00 PM,54,4,58
6/19/14 0:00,3:00:00 PM,63,4,67
6/19/14 0:00,4:00:00 PM,77,1,78
6/19/14 0:00,5:00:00 PM,125,21,146
6/19/14 0:00,6:00:00 PM,98,7,105
6/19/14 0:00,7:00:00 PM,75,6,81
6/19/14 0:00,8:00:00 PM,71,2,73
6/19/14 0:00,9:00:00 PM,27,0,27
6/19/14 0:00,10:00:00 PM,10,1,11
6/19/14 0:00,11:00:00 PM,4,0,4
6/20/14 0:00,12:00:00 AM,0,0,0
6/20/14 0:00,1:00:00 AM,1,0,1
6/20/14 0:00,2:00:00 AM,10,0,10
6/20/14 0:00,3:00:00 AM,28,0,28
6/20/14 0:00,4:00:00 AM,60,3,63
6/20/14 0:00,5:00:00 AM,62,1,63
6/20/14 0:00,6:00:00 AM,78,15,93
6/20/14 0:00,7:00:00 AM,85,11,96
6/20/14 0:00,8:00:00 AM,67,16,83
6/20/14 0:00,9:00:00 AM,102,9,111
6/20/14 0:00,10:00:00 AM,93,9,102
6/20/14 0:00,11:00:00 AM,123,14,137
6/20/14 0:00,12:00:00 PM,96,8,104
6/20/14 0:00,1:00:00 PM,45,11,56
6/20/14 0:00,2:00:00 PM,54,2,56
6/20/14 0:00,3:00:00 PM,41,5,46
6/20/14 0:00,4:00:00 PM,75,5,80
6/20/14 0:00,5:00:00 PM,87,9,96
6/20/14 0:00,6:00:00 PM,87,3,90
6/20/14 0:00,7:00:00 PM,77,5,82
6/20/14 0:00,8:00:00 PM,68,7,75
6/20/14 0:00,9:00:00 PM,28,0,28
6/20/14 0:00,10:00:00 PM,10,3,13
6/20/14 0:00,11:00:00 PM,4,0,4
6/21/14 0:00,12:00:00 AM,0,0,0
6/21/14 0:00,1:00:00 AM,1,0,1
6/21/14 0:00,2:00:00 AM,10,0,10
6/21/14 0:00,3:00:00 AM,42,2,44
6/21/14 0:00,4:00:00 AM,155,4,159
6/21/14 0:00,5:00:00 AM,243,40,283
6/21/14 0:00,6:00:00 AM,270,62,332
6/21/14 0:00,7:00:00 AM,238,55,293
6/21/14 0:00,8:00:00 AM,223,81,304
6/21/14 0:00,9:00:00 AM,255,45,300
6/21/14 0:00,10:00:00 AM,237,54,291
6/21/14 0:00,11:00:00 AM,204,31,235
6/21/14 0:00,12:00:00 PM,164,21,185
6/21/14 0:00,1:00:00 PM,113,24,137
6/21/14 0:00,2:00:00 PM,131,21,152
6/21/14 0:00,3:00:00 PM,116,7,123
6/21/14 0:00,4:00:00 PM,148,24,172
6/21/14 0:00,5:00:00 PM,130,17,147
6/21/14 0:00,6:00:00 PM,131,15,146
6/21/14 0:00,7:00:00 PM,102,8,110
6/21/14 0:00,8:00:00 PM,78,3,81
6/21/14 0:00,9:00:00 PM,26,1,27
6/21/14 0:00,10:00:00 PM,15,0,15
6/21/14 0:00,11:00:00 PM,15,0,15
6/22/14 0:00,12:00:00 AM,0,0,0
6/22/14 0:00,1:00:00 AM,0,0,0
6/22/14 0:00,2:00:00 AM,3,1,4
6/22/14 0:00,3:00:00 AM,45,2,47
6/22/14 0:00,4:00:00 AM,103,3,106
6/22/14 0:00,5:00:00 AM,190,19,209
6/22/14 0:00,6:00:00 AM,198,51,249
6/22/14 0:00,7:00:00 AM,176,45,221
6/22/14 0:00,8:00:00 AM,177,52,229
6/22/14 0:00,9:00:00 AM,238,59,297
6/22/14 0:00,10:00:00 AM,249,43,292
6/22/14 0:00,11:00:00 AM,156,33,189
6/22/14 0:00,12:00:00 PM,155,32,187
6/22/14 0:00,1:00:00 PM,164,25,189
6/22/14 0:00,2:00:00 PM,125,8,133
6/22/14 0:00,3:00:00 PM,112,18,130
6/22/14 0:00,4:00:00 PM,125,10,135
6/22/14 0:00,5:00:00 PM,124,10,134
6/22/14 0:00,6:00:00 PM,90,5,95
6/22/14 0:00,7:00:00 PM,82,7,89
6/22/14 0:00,8:00:00 PM,54,2,56
6/22/14 0:00,9:00:00 PM,19,0,19
6/22/14 0:00,10:00:00 PM,1,5,6
6/22/14 0:00,11:00:00 PM,2,0,2
6/23/14 0:00,12:00:00 AM,2,0,2
6/23/14 0:00,1:00:00 AM,0,8,8
6/23/14 0:00,2:00:00 AM,7,1,8
6/23/14 0:00,3:00:00 AM,16,1,17
6/23/14 0:00,4:00:00 AM,39,0,39
6/23/14 0:00,5:00:00 AM,64,1,65
6/23/14 0:00,6:00:00 AM,81,6,87
6/23/14 0:00,7:00:00 AM,59,4,63
6/23/14 0:00,8:00:00 AM,61,1,62
6/23/14 0:00,9:00:00 AM,62,4,66
6/23/14 0:00,10:00:00 AM,88,5,93
6/23/14 0:00,11:00:00 AM,77,3,80
6/23/14 0:00,12:00:00 PM,76,7,83
6/23/14 0:00,1:00:00 PM,57,2,59
6/23/14 0:00,2:00:00 PM,58,8,66
6/23/14 0:00,3:00:00 PM,55,8,63
6/23/14 0:00,4:00:00 PM,57,4,61
6/23/14 0:00,5:00:00 PM,93,7,100
6/23/14 0:00,6:00:00 PM,72,7,79
6/23/14 0:00,7:00:00 PM,54,1,55
6/23/14 0:00,8:00:00 PM,55,2,57
6/23/14 0:00,9:00:00 PM,19,0,19
6/23/14 0:00,10:00:00 PM,5,0,5
6/23/14 0:00,11:00:00 PM,3,0,3
6/24/14 0:00,12:00:00 AM,5,0,5
6/24/14 0:00,1:00:00 AM,0,0,0
6/24/14 0:00,2:00:00 AM,1,0,1
6/24/14 0:00,3:00:00 AM,9,0,9
6/24/14 0:00,4:00:00 AM,50,2,52
6/24/14 0:00,5:00:00 AM,70,1,71
6/24/14 0:00,6:00:00 AM,60,5,65
6/24/14 0:00,7:00:00 AM,57,0,57
6/24/14 0:00,8:00:00 AM,53,9,62
6/24/14 0:00,9:00:00 AM,86,5,91
6/24/14 0:00,10:00:00 AM,81,10,91
6/24/14 0:00,11:00:00 AM,93,10,103
6/24/14 0:00,12:00:00 PM,59,4,63
6/24/14 0:00,1:00:00 PM,55,4,59
6/24/14 0:00,2:00:00 PM,64,8,72
6/24/14 0:00,3:00:00 PM,50,8,58
6/24/14 0:00,4:00:00 PM,92,3,95
6/24/14 0:00,5:00:00 PM,101,11,112
6/24/14 0:00,6:00:00 PM,88,6,94
6/24/14 0:00,7:00:00 PM,71,1,72
6/24/14 0:00,8:00:00 PM,69,2,71
6/24/14 0:00,9:00:00 PM,18,1,19
6/24/14 0:00,10:00:00 PM,2,0,2
6/24/14 0:00,11:00:00 PM,13,0,13
6/25/14 0:00,12:00:00 AM,4,0,4
6/25/14 0:00,1:00:00 AM,0,0,0
6/25/14 0:00,2:00:00 AM,1,1,2
6/25/14 0:00,3:00:00 AM,18,1,19
6/25/14 0:00,4:00:00 AM,51,0,51
6/25/14 0:00,5:00:00 AM,70,3,73
6/25/14 0:00,6:00:00 AM,61,2,63
6/25/14 0:00,7:00:00 AM,57,3,60
6/25/14 0:00,8:00:00 AM,77,4,81
6/25/14 0:00,9:00:00 AM,66,2,68
6/25/14 0:00,10:00:00 AM,59,6,65
6/25/14 0:00,11:00:00 AM,64,7,71
6/25/14 0:00,12:00:00 PM,76,2,78
6/25/14 0:00,1:00:00 PM,77,4,81
6/25/14 0:00,2:00:00 PM,50,9,59
6/25/14 0:00,3:00:00 PM,72,2,74
6/25/14 0:00,4:00:00 PM,85,6,91
6/25/14 0:00,5:00:00 PM,94,16,110
6/25/14 0:00,6:00:00 PM,108,4,112
6/25/14 0:00,7:00:00 PM,44,9,53
6/25/14 0:00,8:00:00 PM,34,0,34
6/25/14 0:00,9:00:00 PM,17,0,17
6/25/14 0:00,10:00:00 PM,3,0,3
6/25/14 0:00,11:00:00 PM,0,0,0
6/26/14 0:00,12:00:00 AM,0,0,0
6/26/14 0:00,1:00:00 AM,0,0,0
6/26/14 0:00,2:00:00 AM,0,0,0
6/26/14 0:00,3:00:00 AM,10,0,10
6/26/14 0:00,4:00:00 AM,41,0,41
6/26/14 0:00,5:00:00 AM,46,4,50
6/26/14 0:00,6:00:00 AM,55,9,64
6/26/14 0:00,7:00:00 AM,58,5,63
6/26/14 0:00,8:00:00 AM,61,9,70
6/26/14 0:00,9:00:00 AM,73,10,83
6/26/14 0:00,10:00:00 AM,61,2,63
6/26/14 0:00,11:00:00 AM,91,8,99
6/26/14 0:00,12:00:00 PM,60,7,67
6/26/14 0:00,1:00:00 PM,60,5,65
6/26/14 0:00,2:00:00 PM,70,9,79
6/26/14 0:00,3:00:00 PM,63,6,69
6/26/14 0:00,4:00:00 PM,95,8,103
6/26/14 0:00,5:00:00 PM,111,10,121
6/26/14 0:00,6:00:00 PM,117,8,125
6/26/14 0:00,7:00:00 PM,72,3,75
6/26/14 0:00,8:00:00 PM,76,5,81
6/26/14 0:00,9:00:00 PM,17,2,19
6/26/14 0:00,10:00:00 PM,0,0,0
6/26/14 0:00,11:00:00 PM,1,4,5
6/27/14 0:00,12:00:00 AM,0,0,0
6/27/14 0:00,1:00:00 AM,0,0,0
6/27/14 0:00,2:00:00 AM,5,1,6
6/27/14 0:00,3:00:00 AM,29,0,29
6/27/14 0:00,4:00:00 AM,46,11,57
6/27/14 0:00,5:00:00 AM,74,8,82
6/27/14 0:00,6:00:00 AM,102,28,130
6/27/14 0:00,7:00:00 AM,100,43,143
6/27/14 0:00,8:00:00 AM,120,28,148
6/27/14 0:00,9:00:00 AM,103,35,138
6/27/14 0:00,10:00:00 AM,101,21,122
6/27/14 0:00,11:00:00 AM,88,4,92
6/27/14 0:00,12:00:00 PM,98,7,105
6/27/14 0:00,1:00:00 PM,78,3,81
6/27/14 0:00,2:00:00 PM,82,4,86
6/27/14 0:00,3:00:00 PM,79,8,87
6/27/14 0:00,4:00:00 PM,81,7,88
6/27/14 0:00,5:00:00 PM,112,8,120
6/27/14 0:00,6:00:00 PM,87,8,95
6/27/14 0:00,7:00:00 PM,57,9,66
6/27/14 0:00,8:00:00 PM,46,4,50
6/27/14 0:00,9:00:00 PM,20,1,21
6/27/14 0:00,10:00:00 PM,7,0,7
6/27/14 0:00,11:00:00 PM,1,0,1
6/28/14 0:00,12:00:00 AM,3,0,3
6/28/14 0:00,1:00:00 AM,0,0,0
6/28/14 0:00,2:00:00 AM,4,0,4
6/28/14 0:00,3:00:00 AM,40,0,40
6/28/14 0:00,4:00:00 AM,151,4,155
6/28/14 0:00,5:00:00 AM,191,35,226
6/28/14 0:00,6:00:00 AM,208,53,261
6/28/14 0:00,7:00:00 AM,194,70,264
6/28/14 0:00,8:00:00 AM,250,70,320
6/28/14 0:00,9:00:00 AM,281,55,336
6/28/14 0:00,10:00:00 AM,235,54,289
6/28/14 0:00,11:00:00 AM,192,36,228
6/28/14 0:00,12:00:00 PM,189,36,225
6/28/14 0:00,1:00:00 PM,128,15,143
6/28/14 0:00,2:00:00 PM,105,21,126
6/28/14 0:00,3:00:00 PM,109,8,117
6/28/14 0:00,4:00:00 PM,135,23,158
6/28/14 0:00,5:00:00 PM,110,15,125
6/28/14 0:00,6:00:00 PM,117,14,131
6/28/14 0:00,7:00:00 PM,74,4,78
6/28/14 0:00,8:00:00 PM,72,4,76
6/28/14 0:00,9:00:00 PM,21,0,21
6/28/14 0:00,10:00:00 PM,13,0,13
6/28/14 0:00,11:00:00 PM,2,0,2
6/29/14 0:00,12:00:00 AM,1,0,1
6/29/14 0:00,1:00:00 AM,0,0,0
6/29/14 0:00,2:00:00 AM,2,1,3
6/29/14 0:00,3:00:00 AM,45,1,46
6/29/14 0:00,4:00:00 AM,112,4,116
6/29/14 0:00,5:00:00 AM,158,20,178
6/29/14 0:00,6:00:00 AM,185,24,209
6/29/14 0:00,7:00:00 AM,163,43,206
6/29/14 0:00,8:00:00 AM,166,46,212
6/29/14 0:00,9:00:00 AM,177,19,196
6/29/14 0:00,10:00:00 AM,184,28,212
6/29/14 0:00,11:00:00 AM,171,23,194
6/29/14 0:00,12:00:00 PM,134,17,151
6/29/14 0:00,1:00:00 PM,109,19,128
6/29/14 0:00,2:00:00 PM,67,10,77
6/29/14 0:00,3:00:00 PM,86,15,101
6/29/14 0:00,4:00:00 PM,109,20,129
6/29/14 0:00,5:00:00 PM,87,11,98
6/29/14 0:00,6:00:00 PM,43,12,55
6/29/14 0:00,7:00:00 PM,47,13,60
6/29/14 0:00,8:00:00 PM,68,8,76
6/29/14 0:00,9:00:00 PM,34,3,37
6/29/14 0:00,10:00:00 PM,7,4,11
6/29/14 0:00,11:00:00 PM,6,0,6
6/30/14 0:00,12:00:00 AM,2,0,2
6/30/14 0:00,1:00:00 AM,0,0,0
6/30/14 0:00,2:00:00 AM,3,1,4
6/30/14 0:00,3:00:00 AM,11,1,12
6/30/14 0:00,4:00:00 AM,45,1,46
6/30/14 0:00,5:00:00 AM,58,2,60
6/30/14 0:00,6:00:00 AM,76,4,80
6/30/14 0:00,7:00:00 AM,45,0,45
6/30/14 0:00,8:00:00 AM,66,4,70
6/30/14 0:00,9:00:00 AM,66,3,69
6/30/14 0:00,10:00:00 AM,55,2,57
6/30/14 0:00,11:00:00 AM,71,3,74
6/30/14 0:00,12:00:00 PM,47,8,55
6/30/14 0:00,1:00:00 PM,30,19,49
6/30/14 0:00,2:00:00 PM,49,2,51
6/30/14 0:00,3:00:00 PM,41,0,41
6/30/14 0:00,4:00:00 PM,58,1,59
6/30/14 0:00,5:00:00 PM,38,5,43
6/30/14 0:00,6:00:00 PM,38,11,49
6/30/14 0:00,7:00:00 PM,57,6,63
6/30/14 0:00,8:00:00 PM,50,4,54
6/30/14 0:00,9:00:00 PM,31,0,31
6/30/14 0:00,10:00:00 PM,3,0,3
6/30/14 0:00,11:00:00 PM,0,3,3
7/1/14 0:00,12:00:00 AM,0,3,3
7/1/14 0:00,1:00:00 AM,0,0,0
7/1/14 0:00,2:00:00 AM,5,2,7
7/1/14 0:00,3:00:00 AM,12,0,12
7/1/14 0:00,4:00:00 AM,36,3,39
7/1/14 0:00,5:00:00 AM,83,4,87
7/1/14 0:00,6:00:00 AM,65,3,68
7/1/14 0:00,7:00:00 AM,50,1,51
7/1/14 0:00,8:00:00 AM,51,0,51
7/1/14 0:00,9:00:00 AM,63,4,67
7/1/14 0:00,10:00:00 AM,63,2,65
7/1/14 0:00,11:00:00 AM,45,1,46
7/1/14 0:00,12:00:00 PM,28,0,28
7/1/14 0:00,1:00:00 PM,48,4,52
7/1/14 0:00,2:00:00 PM,36,2,38
7/1/14 0:00,3:00:00 PM,50,6,56
7/1/14 0:00,4:00:00 PM,81,3,84
7/1/14 0:00,6:00:00 PM,118,9,127
7/1/14 0:00,7:00:00 PM,70,3,73
7/1/14 0:00,8:00:00 PM,73,0,73
7/1/14 0:00,9:00:00 PM,29,0,29
7/1/14 0:00,10:00:00 PM,5,0,5
7/1/14 0:00,11:00:00 PM,0,0,0
7/2/14 0:00,12:00:00 AM,0,0,0
7/2/14 0:00,1:00:00 AM,0,1,1
7/2/14 0:00,2:00:00 AM,2,1,3
7/2/14 0:00,3:00:00 AM,18,0,18
7/2/14 0:00,4:00:00 AM,34,8,42
7/2/14 0:00,5:00:00 AM,62,6,68
7/2/14 0:00,6:00:00 AM,51,5,56
7/2/14 0:00,7:00:00 AM,46,12,58
7/2/14 0:00,8:00:00 AM,55,2,57
7/2/14 0:00,9:00:00 AM,89,9,98
7/2/14 0:00,10:00:00 AM,80,8,88
7/2/14 0:00,11:00:00 AM,64,7,71
7/2/14 0:00,12:00:00 PM,64,4,68
7/2/14 0:00,1:00:00 PM,50,4,54
7/2/14 0:00,2:00:00 PM,41,4,45
7/2/14 0:00,3:00:00 PM,90,2,92
7/2/14 0:00,4:00:00 PM,98,8,106
7/2/14 0:00,5:00:00 PM,97,7,104
7/2/14 0:00,6:00:00 PM,107,8,115
7/2/14 0:00,7:00:00 PM,45,3,48
7/2/14 0:00,8:00:00 PM,67,1,68
7/2/14 0:00,9:00:00 PM,30,0,30
7/2/14 0:00,10:00:00 PM,1,0,1
7/2/14 0:00,11:00:00 PM,2,0,2
7/3/14 0:00,12:00:00 AM,0,0,0
7/3/14 0:00,1:00:00 AM,3,1,4
7/3/14 0:00,2:00:00 AM,2,1,3
7/3/14 0:00,3:00:00 AM,9,0,9
7/3/14 0:00,4:00:00 AM,54,3,57
7/3/14 0:00,5:00:00 AM,74,3,77
7/3/14 0:00,6:00:00 AM,70,13,83
7/3/14 0:00,7:00:00 AM,59,7,66
7/3/14 0:00,8:00:00 AM,45,8,53
7/3/14 0:00,9:00:00 AM,82,13,95
7/3/14 0:00,10:00:00 AM,103,9,112
7/3/14 0:00,11:00:00 AM,97,4,101
7/3/14 0:00,12:00:00 PM,64,4,68
7/3/14 0:00,1:00:00 PM,57,2,59
7/3/14 0:00,2:00:00 PM,73,3,76
7/3/14 0:00,3:00:00 PM,63,2,65
7/3/14 0:00,4:00:00 PM,64,4,68
7/3/14 0:00,5:00:00 PM,80,9,89
7/3/14 0:00,6:00:00 PM,52,15,67
7/3/14 0:00,7:00:00 PM,57,6,63
7/3/14 0:00,8:00:00 PM,60,3,63
7/3/14 0:00,9:00:00 PM,25,5,30
7/3/14 0:00,10:00:00 PM,9,0,9
7/3/14 0:00,11:00:00 PM,3,0,3
7/4/14 0:00,12:00:00 AM,0,0,0
7/4/14 0:00,1:00:00 AM,1,0,1
7/4/14 0:00,2:00:00 AM,12,1,13
7/4/14 0:00,3:00:00 AM,52,0,52
7/4/14 0:00,4:00:00 AM,150,4,154
7/4/14 0:00,5:00:00 AM,273,35,308
7/4/14 0:00,6:00:00 AM,223,71,294
7/4/14 0:00,7:00:00 AM,194,54,248
7/4/14 0:00,8:00:00 AM,217,38,255
7/4/14 0:00,9:00:00 AM,262,49,311
7/4/14 0:00,10:00:00 AM,254,61,315
7/4/14 0:00,11:00:00 AM,194,22,216
7/4/14 0:00,12:00:00 PM,159,24,183
7/4/14 0:00,1:00:00 PM,107,23,130
7/4/14 0:00,2:00:00 PM,73,3,76
7/4/14 0:00,3:00:00 PM,64,16,80
7/4/14 0:00,4:00:00 PM,90,11,101
7/4/14 0:00,5:00:00 PM,63,13,76
7/4/14 0:00,6:00:00 PM,118,43,161
7/4/14 0:00,7:00:00 PM,164,52,216
7/4/14 0:00,8:00:00 PM,148,10,158
7/4/14 0:00,9:00:00 PM,177,19,196
7/4/14 0:00,10:00:00 PM,35,16,51
7/4/14 0:00,11:00:00 PM,7,0,7
7/5/14 0:00,12:00:00 AM,4,0,4
7/5/14 0:00,1:00:00 AM,0,0,0
7/5/14 0:00,2:00:00 AM,4,2,6
7/5/14 0:00,3:00:00 AM,22,0,22
7/5/14 0:00,4:00:00 AM,73,11,84
7/5/14 0:00,5:00:00 AM,89,13,102
7/5/14 0:00,6:00:00 AM,114,20,134
7/5/14 0:00,7:00:00 AM,102,60,162
7/5/14 0:00,8:00:00 AM,130,53,183
7/5/14 0:00,9:00:00 AM,172,52,224
7/5/14 0:00,10:00:00 AM,170,28,198
7/5/14 0:00,11:00:00 AM,134,40,174
7/5/14 0:00,12:00:00 PM,134,26,160
7/5/14 0:00,1:00:00 PM,95,19,114
7/5/14 0:00,2:00:00 PM,68,33,101
7/5/14 0:00,3:00:00 PM,80,20,100
7/5/14 0:00,4:00:00 PM,92,15,107
7/5/14 0:00,5:00:00 PM,118,8,126
7/5/14 0:00,6:00:00 PM,74,8,82
7/5/14 0:00,7:00:00 PM,65,6,71
7/5/14 0:00,8:00:00 PM,73,8,81
7/5/14 0:00,9:00:00 PM,39,2,41
7/5/14 0:00,10:00:00 PM,1,1,2
7/5/14 0:00,11:00:00 PM,0,0,0
7/6/14 0:00,12:00:00 AM,1,0,1
7/6/14 0:00,1:00:00 AM,2,1,3
7/6/14 0:00,2:00:00 AM,5,1,6
7/6/14 0:00,3:00:00 AM,40,1,41
7/6/14 0:00,4:00:00 AM,95,2,97
7/6/14 0:00,5:00:00 AM,187,24,211
7/6/14 0:00,6:00:00 AM,176,37,213
7/6/14 0:00,7:00:00 AM,142,62,204
7/6/14 0:00,8:00:00 AM,166,49,215
7/6/14 0:00,9:00:00 AM,233,48,281
7/6/14 0:00,10:00:00 AM,184,45,229
7/6/14 0:00,11:00:00 AM,199,31,230
7/6/14 0:00,12:00:00 PM,141,21,162
7/6/14 0:00,1:00:00 PM,146,25,171
7/6/14 0:00,2:00:00 PM,104,11,115
7/6/14 0:00,3:00:00 PM,72,8,80
7/6/14 0:00,4:00:00 PM,96,19,115
7/6/14 0:00,5:00:00 PM,111,20,131
7/6/14 0:00,6:00:00 PM,78,9,87
7/6/14 0:00,7:00:00 PM,53,8,61
7/6/14 0:00,8:00:00 PM,60,9,69
7/6/14 0:00,9:00:00 PM,48,0,48
7/6/14 0:00,10:00:00 PM,4,3,7
7/6/14 0:00,11:00:00 PM,1,0,1
7/7/14 0:00,12:00:00 AM,0,0,0
7/7/14 0:00,1:00:00 AM,0,1,1
7/7/14 0:00,2:00:00 AM,3,1,4
7/7/14 0:00,3:00:00 AM,12,0,12
7/7/14 0:00,4:00:00 AM,36,0,36
7/7/14 0:00,5:00:00 AM,71,7,78
7/7/14 0:00,6:00:00 AM,55,8,63
7/7/14 0:00,7:00:00 AM,47,3,50
7/7/14 0:00,8:00:00 AM,57,5,62
7/7/14 0:00,9:00:00 AM,39,6,45
7/7/14 0:00,10:00:00 AM,60,6,66
7/7/14 0:00,11:00:00 AM,79,4,83
7/7/14 0:00,12:00:00 PM,80,8,88
7/7/14 0:00,1:00:00 PM,45,10,55
7/7/14 0:00,2:00:00 PM,54,4,58
7/7/14 0:00,3:00:00 PM,65,9,74
7/7/14 0:00,4:00:00 PM,75,5,80
7/7/14 0:00,5:00:00 PM,90,5,95
7/7/14 0:00,6:00:00 PM,52,5,57
7/7/14 0:00,7:00:00 PM,37,10,47
7/7/14 0:00,8:00:00 PM,28,6,34
7/7/14 0:00,9:00:00 PM,25,0,25
7/7/14 0:00,10:00:00 PM,6,0,6
7/7/14 0:00,11:00:00 PM,2,0,2
7/8/14 0:00,12:00:00 AM,0,0,0
7/8/14 0:00,1:00:00 AM,2,0,2
7/8/14 0:00,2:00:00 AM,3,1,4
7/8/14 0:00,3:00:00 AM,6,1,7
7/8/14 0:00,4:00:00 AM,22,1,23
7/8/14 0:00,5:00:00 AM,62,5,67
7/8/14 0:00,6:00:00 AM,49,8,57
7/8/14 0:00,7:00:00 AM,36,4,40
7/8/14 0:00,8:00:00 AM,58,6,64
7/8/14 0:00,9:00:00 AM,77,1,78
7/8/14 0:00,10:00:00 AM,58,4,62
7/8/14 0:00,11:00:00 AM,61,7,68
7/8/14 0:00,12:00:00 PM,84,1,85
7/8/14 0:00,1:00:00 PM,37,10,47
7/8/14 0:00,2:00:00 PM,41,5,46
7/8/14 0:00,3:00:00 PM,58,5,63
7/8/14 0:00,4:00:00 PM,79,7,86
7/8/14 0:00,5:00:00 PM,80,6,86
7/8/14 0:00,6:00:00 PM,81,9,90
7/8/14 0:00,7:00:00 PM,65,6,71
7/8/14 0:00,8:00:00 PM,55,2,57
7/8/14 0:00,9:00:00 PM,23,1,24
7/8/14 0:00,10:00:00 PM,6,0,6
7/8/14 0:00,11:00:00 PM,1,0,1
7/9/14 0:00,12:00:00 AM,0,0,0
7/9/14 0:00,1:00:00 AM,0,0,0
7/9/14 0:00,2:00:00 AM,10,0,10
7/9/14 0:00,3:00:00 AM,21,0,21
7/9/14 0:00,4:00:00 AM,44,0,44
7/9/14 0:00,5:00:00 AM,74,5,79
7/9/14 0:00,6:00:00 AM,73,5,78
7/9/14 0:00,7:00:00 AM,44,3,47
7/9/14 0:00,8:00:00 AM,42,4,46
7/9/14 0:00,9:00:00 AM,70,4,74
7/9/14 0:00,10:00:00 AM,79,3,82
7/9/14 0:00,11:00:00 AM,87,4,91
7/9/14 0:00,12:00:00 PM,72,3,75
7/9/14 0:00,1:00:00 PM,61,4,65
7/9/14 0:00,2:00:00 PM,56,2,58
7/9/14 0:00,3:00:00 PM,66,4,70
7/9/14 0:00,4:00:00 PM,68,2,70
7/9/14 0:00,5:00:00 PM,113,11,124
7/9/14 0:00,6:00:00 PM,115,8,123
7/9/14 0:00,7:00:00 PM,86,5,91
7/9/14 0:00,8:00:00 PM,65,2,67
7/9/14 0:00,9:00:00 PM,45,0,45
7/9/14 0:00,10:00:00 PM,13,0,13
7/9/14 0:00,11:00:00 PM,8,0,8
7/10/14 0:00,12:00:00 AM,0,0,0
7/10/14 0:00,1:00:00 AM,0,0,0
7/10/14 0:00,2:00:00 AM,1,2,3
7/10/14 0:00,3:00:00 AM,17,0,17
7/10/14 0:00,4:00:00 AM,49,2,51
7/10/14 0:00,5:00:00 AM,45,2,47
7/10/14 0:00,6:00:00 AM,61,10,71
7/10/14 0:00,7:00:00 AM,29,3,32
7/10/14 0:00,8:00:00 AM,50,6,56
7/10/14 0:00,9:00:00 AM,62,1,63
7/10/14 0:00,10:00:00 AM,51,2,53
7/10/14 0:00,11:00:00 AM,72,5,77
7/10/14 0:00,12:00:00 PM,67,3,70
7/10/14 0:00,1:00:00 PM,44,2,46
7/10/14 0:00,2:00:00 PM,53,3,56
7/10/14 0:00,3:00:00 PM,64,1,65
7/10/14 0:00,4:00:00 PM,94,4,98
7/10/14 0:00,5:00:00 PM,94,16,110
7/10/14 0:00,6:00:00 PM,114,9,123
7/10/14 0:00,7:00:00 PM,76,11,87
7/10/14 0:00,8:00:00 PM,78,8,86
7/10/14 0:00,9:00:00 PM,27,3,30
7/10/14 0:00,10:00:00 PM,3,6,9
7/10/14 0:00,11:00:00 PM,0,2,2
7/11/14 0:00,12:00:00 AM,0,0,0
7/11/14 0:00,1:00:00 AM,0,0,0
7/11/14 0:00,2:00:00 AM,7,0,7
7/11/14 0:00,3:00:00 AM,23,0,23
7/11/14 0:00,4:00:00 AM,66,1,67
7/11/14 0:00,5:00:00 AM,74,3,77
7/11/14 0:00,6:00:00 AM,59,17,76
7/11/14 0:00,7:00:00 AM,56,9,65
7/11/14 0:00,8:00:00 AM,63,11,74
7/11/14 0:00,9:00:00 AM,112,12,124
7/11/14 0:00,10:00:00 AM,134,10,144
7/11/14 0:00,11:00:00 AM,86,15,101
7/11/14 0:00,12:00:00 PM,71,6,77
7/11/14 0:00,1:00:00 PM,68,6,74
7/11/14 0:00,2:00:00 PM,59,7,66
7/11/14 0:00,3:00:00 PM,62,7,69
7/11/14 0:00,4:00:00 PM,61,4,65
7/11/14 0:00,5:00:00 PM,106,26,132
7/11/14 0:00,6:00:00 PM,86,7,93
7/11/14 0:00,7:00:00 PM,54,9,63
7/11/14 0:00,8:00:00 PM,57,2,59
7/11/14 0:00,9:00:00 PM,28,1,29
7/11/14 0:00,10:00:00 PM,8,0,8
7/11/14 0:00,11:00:00 PM,10,0,10
7/12/14 0:00,12:00:00 AM,2,0,2
7/12/14 0:00,1:00:00 AM,1,1,2
7/12/14 0:00,2:00:00 AM,6,0,6
7/12/14 0:00,3:00:00 AM,43,4,47
7/12/14 0:00,4:00:00 AM,147,0,147
7/12/14 0:00,5:00:00 AM,195,20,215
7/12/14 0:00,6:00:00 AM,184,49,233
7/12/14 0:00,7:00:00 AM,144,42,186
7/12/14 0:00,8:00:00 AM,242,94,336
7/12/14 0:00,9:00:00 AM,295,51,346
7/12/14 0:00,10:00:00 AM,285,45,330
7/12/14 0:00,11:00:00 AM,232,36,268
7/12/14 0:00,12:00:00 PM,171,24,195
7/12/14 0:00,1:00:00 PM,157,32,189
7/12/14 0:00,2:00:00 PM,121,13,134
7/12/14 0:00,3:00:00 PM,100,23,123
7/12/14 0:00,4:00:00 PM,149,18,167
7/12/14 0:00,5:00:00 PM,164,64,228
7/12/14 0:00,6:00:00 PM,152,22,174
7/12/14 0:00,7:00:00 PM,108,11,119
7/12/14 0:00,8:00:00 PM,108,25,133
7/12/14 0:00,9:00:00 PM,113,17,130
7/12/14 0:00,10:00:00 PM,52,1,53
7/12/14 0:00,11:00:00 PM,12,0,12
7/13/14 0:00,12:00:00 AM,9,0,9
7/13/14 0:00,1:00:00 AM,2,0,2
7/13/14 0:00,2:00:00 AM,7,1,8
7/13/14 0:00,3:00:00 AM,22,1,23
7/13/14 0:00,4:00:00 AM,103,16,119
7/13/14 0:00,5:00:00 AM,150,33,183
7/13/14 0:00,6:00:00 AM,152,57,209
7/13/14 0:00,7:00:00 AM,159,73,232
7/13/14 0:00,8:00:00 AM,228,70,298
7/13/14 0:00,9:00:00 AM,248,70,318
7/13/14 0:00,10:00:00 AM,207,51,258
7/13/14 0:00,11:00:00 AM,151,39,190
7/13/14 0:00,12:00:00 PM,138,14,152
7/13/14 0:00,1:00:00 PM,91,12,103
7/13/14 0:00,2:00:00 PM,111,10,121
7/13/14 0:00,3:00:00 PM,107,19,126
7/13/14 0:00,4:00:00 PM,130,22,152
7/13/14 0:00,5:00:00 PM,107,13,120
7/13/14 0:00,6:00:00 PM,71,17,88
7/13/14 0:00,7:00:00 PM,64,7,71
7/13/14 0:00,8:00:00 PM,67,0,67
7/13/14 0:00,9:00:00 PM,23,4,27
7/13/14 0:00,10:00:00 PM,6,0,6
7/13/14 0:00,11:00:00 PM,2,0,2
7/14/14 0:00,12:00:00 AM,0,0,0
7/14/14 0:00,1:00:00 AM,0,1,1
7/14/14 0:00,2:00:00 AM,1,1,2
7/14/14 0:00,3:00:00 AM,17,1,18
7/14/14 0:00,4:00:00 AM,28,0,28
7/14/14 0:00,5:00:00 AM,61,6,67
7/14/14 0:00,6:00:00 AM,55,7,62
7/14/14 0:00,7:00:00 AM,36,3,39
7/14/14 0:00,8:00:00 AM,41,2,43
7/14/14 0:00,9:00:00 AM,94,7,101
7/14/14 0:00,10:00:00 AM,64,2,66
7/14/14 0:00,11:00:00 AM,76,0,76
7/14/14 0:00,12:00:00 PM,52,0,52
7/14/14 0:00,1:00:00 PM,52,1,53
7/14/14 0:00,2:00:00 PM,27,3,30
7/14/14 0:00,3:00:00 PM,46,3,49
7/14/14 0:00,4:00:00 PM,38,3,41
7/14/14 0:00,5:00:00 PM,43,4,47
7/14/14 0:00,6:00:00 PM,36,3,39
7/14/14 0:00,7:00:00 PM,45,1,46
7/14/14 0:00,8:00:00 PM,29,0,29
7/14/14 0:00,9:00:00 PM,14,2,16
7/14/14 0:00,10:00:00 PM,2,0,2
7/14/14 0:00,11:00:00 PM,2,0,2
7/15/14 0:00,12:00:00 AM,3,0,3
7/15/14 0:00,1:00:00 AM,2,1,3
7/15/14 0:00,2:00:00 AM,0,1,1
7/15/14 0:00,3:00:00 AM,12,0,12
7/15/14 0:00,4:00:00 AM,41,0,41
7/15/14 0:00,5:00:00 AM,43,1,44
7/15/14 0:00,6:00:00 AM,30,15,45
7/15/14 0:00,7:00:00 AM,37,4,41
7/15/14 0:00,8:00:00 AM,54,8,62
7/15/14 0:00,9:00:00 AM,59,9,68
7/15/14 0:00,10:00:00 AM,112,4,116
7/15/14 0:00,11:00:00 AM,64,14,78
7/15/14 0:00,12:00:00 PM,62,3,65
7/15/14 0:00,1:00:00 PM,64,3,67
7/15/14 0:00,2:00:00 PM,54,2,56
7/15/14 0:00,3:00:00 PM,51,1,52
7/15/14 0:00,4:00:00 PM,68,6,74
7/15/14 0:00,5:00:00 PM,76,10,86
7/15/14 0:00,6:00:00 PM,91,5,96
7/15/14 0:00,7:00:00 PM,60,0,60
7/15/14 0:00,8:00:00 PM,30,1,31
7/15/14 0:00,9:00:00 PM,26,2,28
7/15/14 0:00,10:00:00 PM,7,1,8
7/15/14 0:00,11:00:00 PM,1,0,1
7/16/14 0:00,12:00:00 AM,1,0,1
7/16/14 0:00,1:00:00 AM,0,1,1
7/16/14 0:00,2:00:00 AM,5,1,6
7/16/14 0:00,3:00:00 AM,20,1,21
7/16/14 0:00,4:00:00 AM,45,0,45
7/16/14 0:00,5:00:00 AM,50,2,52
7/16/14 0:00,6:00:00 AM,49,3,52
7/16/14 0:00,7:00:00 AM,39,8,47
7/16/14 0:00,8:00:00 AM,49,6,55
7/16/14 0:00,9:00:00 AM,97,9,106
7/16/14 0:00,10:00:00 AM,82,13,95
7/16/14 0:00,11:00:00 AM,67,19,86
7/16/14 0:00,12:00:00 PM,63,5,68
7/16/14 0:00,1:00:00 PM,56,3,59
7/16/14 0:00,2:00:00 PM,60,6,66
7/16/14 0:00,3:00:00 PM,62,4,66
7/16/14 0:00,4:00:00 PM,72,7,79
7/16/14 0:00,5:00:00 PM,102,13,115
7/16/14 0:00,6:00:00 PM,95,11,106
7/16/14 0:00,7:00:00 PM,46,9,55
7/16/14 0:00,8:00:00 PM,48,3,51
7/16/14 0:00,9:00:00 PM,29,4,33
7/16/14 0:00,10:00:00 PM,2,0,2
7/16/14 0:00,11:00:00 PM,7,5,12
7/17/14 0:00,12:00:00 AM,4,0,4
7/17/14 0:00,1:00:00 AM,0,0,0
7/17/14 0:00,2:00:00 AM,1,0,1
7/17/14 0:00,3:00:00 AM,9,3,12
7/17/14 0:00,4:00:00 AM,47,1,48
7/17/14 0:00,5:00:00 AM,66,2,68
7/17/14 0:00,6:00:00 AM,60,26,86
7/17/14 0:00,7:00:00 AM,39,0,39
7/17/14 0:00,8:00:00 AM,57,4,61
7/17/14 0:00,9:00:00 AM,92,5,97
7/17/14 0:00,10:00:00 AM,100,13,113
7/17/14 0:00,11:00:00 AM,76,6,82
7/17/14 0:00,12:00:00 PM,75,18,93
7/17/14 0:00,1:00:00 PM,61,13,74
7/17/14 0:00,2:00:00 PM,63,10,73
7/17/14 0:00,3:00:00 PM,48,3,51
7/17/14 0:00,4:00:00 PM,104,9,113
7/17/14 0:00,5:00:00 PM,117,8,125
7/17/14 0:00,6:00:00 PM,81,10,91
7/17/14 0:00,7:00:00 PM,47,8,55
7/17/14 0:00,8:00:00 PM,52,5,57
7/17/14 0:00,9:00:00 PM,9,0,9
7/17/14 0:00,10:00:00 PM,0,2,2
7/17/14 0:00,11:00:00 PM,0,0,0
7/18/14 0:00,12:00:00 AM,0,2,2
7/18/14 0:00,1:00:00 AM,1,1,2
7/18/14 0:00,2:00:00 AM,0,1,1
7/18/14 0:00,3:00:00 AM,13,1,14
7/18/14 0:00,4:00:00 AM,52,1,53
7/18/14 0:00,5:00:00 AM,63,7,70
7/18/14 0:00,6:00:00 AM,52,7,59
7/18/14 0:00,7:00:00 AM,67,6,73
7/18/14 0:00,8:00:00 AM,92,11,103
7/18/14 0:00,9:00:00 AM,114,11,125
7/18/14 0:00,10:00:00 AM,84,8,92
7/18/14 0:00,11:00:00 AM,103,2,105
7/18/14 0:00,12:00:00 PM,76,1,77
7/18/14 0:00,1:00:00 PM,56,3,59
7/18/14 0:00,2:00:00 PM,51,7,58
7/18/14 0:00,3:00:00 PM,63,3,66
7/18/14 0:00,4:00:00 PM,78,5,83
7/18/14 0:00,5:00:00 PM,110,6,116
7/18/14 0:00,6:00:00 PM,90,8,98
7/18/14 0:00,7:00:00 PM,64,5,69
7/18/14 0:00,8:00:00 PM,66,0,66
7/18/14 0:00,9:00:00 PM,20,0,20
7/18/14 0:00,10:00:00 PM,3,0,3
7/18/14 0:00,11:00:00 PM,0,0,0
7/19/14 0:00,12:00:00 AM,0,0,0
7/19/14 0:00,1:00:00 AM,0,0,0
7/19/14 0:00,2:00:00 AM,0,3,3
7/19/14 0:00,3:00:00 AM,44,4,48
7/19/14 0:00,4:00:00 AM,142,2,144
7/19/14 0:00,5:00:00 AM,160,29,189
7/19/14 0:00,6:00:00 AM,138,51,189
7/19/14 0:00,7:00:00 AM,185,81,266
7/19/14 0:00,8:00:00 AM,220,85,305
7/19/14 0:00,9:00:00 AM,277,66,343
7/19/14 0:00,10:00:00 AM,242,60,302
7/19/14 0:00,11:00:00 AM,202,54,256
7/19/14 0:00,12:00:00 PM,131,21,152
7/19/14 0:00,1:00:00 PM,118,13,131
7/19/14 0:00,2:00:00 PM,85,9,94
7/19/14 0:00,3:00:00 PM,82,24,106
7/19/14 0:00,4:00:00 PM,94,14,108
7/19/14 0:00,5:00:00 PM,100,18,118
7/19/14 0:00,6:00:00 PM,93,14,107
7/19/14 0:00,7:00:00 PM,49,7,56
7/19/14 0:00,8:00:00 PM,32,5,37
7/19/14 0:00,9:00:00 PM,9,0,9
7/19/14 0:00,10:00:00 PM,5,0,5
7/19/14 0:00,11:00:00 PM,0,0,0
7/20/14 0:00,12:00:00 AM,0,0,0
7/20/14 0:00,1:00:00 AM,0,0,0
7/20/14 0:00,2:00:00 AM,11,0,11
7/20/14 0:00,3:00:00 AM,40,6,46
7/20/14 0:00,4:00:00 AM,86,11,97
7/20/14 0:00,5:00:00 AM,139,23,162
7/20/14 0:00,6:00:00 AM,145,39,184
7/20/14 0:00,7:00:00 AM,110,69,179
7/20/14 0:00,8:00:00 AM,191,55,246
7/20/14 0:00,9:00:00 AM,248,63,311
7/20/14 0:00,10:00:00 AM,228,49,277
7/20/14 0:00,11:00:00 AM,185,23,208
7/20/14 0:00,12:00:00 PM,156,20,176
7/20/14 0:00,1:00:00 PM,164,15,179
7/20/14 0:00,2:00:00 PM,137,31,168
7/20/14 0:00,3:00:00 PM,116,22,138
7/20/14 0:00,4:00:00 PM,132,23,155
7/20/14 0:00,5:00:00 PM,77,17,94
7/20/14 0:00,6:00:00 PM,79,11,90
7/20/14 0:00,7:00:00 PM,48,7,55
7/20/14 0:00,8:00:00 PM,33,6,39
7/20/14 0:00,9:00:00 PM,4,0,4
7/20/14 0:00,10:00:00 PM,0,0,0
7/20/14 0:00,11:00:00 PM,0,0,0
7/21/14 0:00,12:00:00 AM,0,0,0
7/21/14 0:00,1:00:00 AM,0,1,1
7/21/14 0:00,2:00:00 AM,1,1,2
7/21/14 0:00,3:00:00 AM,10,0,10
7/21/14 0:00,4:00:00 AM,34,0,34
7/21/14 0:00,5:00:00 AM,33,3,36
7/21/14 0:00,6:00:00 AM,46,5,51
7/21/14 0:00,7:00:00 AM,39,1,40
7/21/14 0:00,8:00:00 AM,43,5,48
7/21/14 0:00,9:00:00 AM,78,5,83
7/21/14 0:00,10:00:00 AM,79,4,83
7/21/14 0:00,11:00:00 AM,73,1,74
7/21/14 0:00,12:00:00 PM,65,5,70
7/21/14 0:00,1:00:00 PM,54,4,58
7/21/14 0:00,2:00:00 PM,65,1,66
7/21/14 0:00,3:00:00 PM,73,5,78
7/21/14 0:00,4:00:00 PM,75,6,81
7/21/14 0:00,5:00:00 PM,103,10,113
7/21/14 0:00,6:00:00 PM,84,7,91
7/21/14 0:00,7:00:00 PM,53,1,54
7/21/14 0:00,8:00:00 PM,51,8,59
7/21/14 0:00,9:00:00 PM,15,1,16
7/21/14 0:00,10:00:00 PM,3,0,3
7/21/14 0:00,11:00:00 PM,2,0,2
7/22/14 0:00,12:00:00 AM,2,0,2
7/22/14 0:00,1:00:00 AM,0,1,1
7/22/14 0:00,2:00:00 AM,3,1,4
7/22/14 0:00,3:00:00 AM,18,0,18
7/22/14 0:00,4:00:00 AM,34,1,35
7/22/14 0:00,5:00:00 AM,58,0,58
7/22/14 0:00,6:00:00 AM,42,16,58
7/22/14 0:00,7:00:00 AM,39,4,43
7/22/14 0:00,8:00:00 AM,42,16,58
7/22/14 0:00,9:00:00 AM,68,10,78
7/22/14 0:00,10:00:00 AM,80,17,97
7/22/14 0:00,11:00:00 AM,107,11,118
7/22/14 0:00,12:00:00 PM,69,14,83
7/22/14 0:00,1:00:00 PM,70,4,74
7/22/14 0:00,2:00:00 PM,86,6,92
7/22/14 0:00,3:00:00 PM,64,5,69
7/22/14 0:00,4:00:00 PM,76,5,81
7/22/14 0:00,5:00:00 PM,98,22,120
7/22/14 0:00,6:00:00 PM,81,12,93
7/22/14 0:00,7:00:00 PM,52,7,59
7/22/14 0:00,8:00:00 PM,29,0,29
7/22/14 0:00,9:00:00 PM,1,0,1
7/22/14 0:00,10:00:00 PM,2,0,2
7/22/14 0:00,11:00:00 PM,0,0,0
7/23/14 0:00,12:00:00 AM,1,0,1
7/23/14 0:00,1:00:00 AM,2,0,2
7/23/14 0:00,2:00:00 AM,1,0,1
7/23/14 0:00,3:00:00 AM,15,0,15
7/23/14 0:00,4:00:00 AM,60,2,62
7/23/14 0:00,5:00:00 AM,59,1,60
7/23/14 0:00,6:00:00 AM,69,6,75
7/23/14 0:00,7:00:00 AM,31,2,33
7/23/14 0:00,8:00:00 AM,46,4,50
7/23/14 0:00,9:00:00 AM,72,4,76
7/23/14 0:00,10:00:00 AM,65,6,71
7/23/14 0:00,11:00:00 AM,88,10,98
7/23/14 0:00,12:00:00 PM,53,7,60
7/23/14 0:00,1:00:00 PM,58,4,62
7/23/14 0:00,2:00:00 PM,68,6,74
7/23/14 0:00,3:00:00 PM,46,24,70
7/23/14 0:00,4:00:00 PM,88,5,93
7/23/14 0:00,5:00:00 PM,133,10,143
7/23/14 0:00,6:00:00 PM,75,8,83
7/23/14 0:00,7:00:00 PM,57,7,64
7/23/14 0:00,8:00:00 PM,53,6,59
7/23/14 0:00,9:00:00 PM,2,0,2
7/23/14 0:00,10:00:00 PM,0,1,1
7/23/14 0:00,11:00:00 PM,0,0,0
7/24/14 0:00,12:00:00 AM,0,0,0
7/24/14 0:00,1:00:00 AM,0,1,1
7/24/14 0:00,2:00:00 AM,0,0,0
7/24/14 0:00,3:00:00 AM,12,2,14
7/24/14 0:00,4:00:00 AM,66,1,67
7/24/14 0:00,5:00:00 AM,57,5,62
7/24/14 0:00,6:00:00 AM,76,5,81
7/24/14 0:00,7:00:00 AM,49,0,49
7/24/14 0:00,8:00:00 AM,53,17,70
7/24/14 0:00,9:00:00 AM,100,5,105
7/24/14 0:00,10:00:00 AM,80,8,88
7/24/14 0:00,11:00:00 AM,76,5,81
7/24/14 0:00,12:00:00 PM,64,3,67
7/24/14 0:00,1:00:00 PM,47,11,58
7/24/14 0:00,2:00:00 PM,38,5,43
7/24/14 0:00,3:00:00 PM,49,5,54
7/24/14 0:00,4:00:00 PM,73,3,76
7/24/14 0:00,5:00:00 PM,90,9,99
7/24/14 0:00,6:00:00 PM,82,8,90
7/24/14 0:00,7:00:00 PM,50,4,54
7/24/14 0:00,8:00:00 PM,79,2,81
7/24/14 0:00,9:00:00 PM,18,4,22
7/24/14 0:00,10:00:00 PM,2,0,2
7/24/14 0:00,11:00:00 PM,0,4,4
7/25/14 0:00,12:00:00 AM,0,0,0
7/25/14 0:00,1:00:00 AM,0,1,1
7/25/14 0:00,2:00:00 AM,0,1,1
7/25/14 0:00,3:00:00 AM,18,3,21
7/25/14 0:00,4:00:00 AM,86,3,89
7/25/14 0:00,5:00:00 AM,86,15,101
7/25/14 0:00,6:00:00 AM,109,18,127
7/25/14 0:00,7:00:00 AM,65,9,74
7/25/14 0:00,8:00:00 AM,81,19,100
7/25/14 0:00,9:00:00 AM,115,12,127
7/25/14 0:00,10:00:00 AM,72,16,88
7/25/14 0:00,11:00:00 AM,72,4,76
7/25/14 0:00,12:00:00 PM,76,7,83
7/25/14 0:00,1:00:00 PM,50,4,54
7/25/14 0:00,2:00:00 PM,48,3,51
7/25/14 0:00,3:00:00 PM,21,1,22
7/25/14 0:00,4:00:00 PM,47,2,49
7/25/14 0:00,5:00:00 PM,64,4,68
7/25/14 0:00,6:00:00 PM,46,10,56
7/25/14 0:00,7:00:00 PM,39,3,42
7/25/14 0:00,8:00:00 PM,66,2,68
7/25/14 0:00,9:00:00 PM,3,0,3
7/25/14 0:00,10:00:00 PM,0,0,0
7/25/14 0:00,11:00:00 PM,0,0,0
7/26/14 0:00,12:00:00 AM,0,0,0
7/26/14 0:00,1:00:00 AM,0,1,1
7/26/14 0:00,2:00:00 AM,0,1,1
7/26/14 0:00,3:00:00 AM,56,1,57
7/26/14 0:00,4:00:00 AM,192,6,198
7/26/14 0:00,5:00:00 AM,239,26,265
7/26/14 0:00,6:00:00 AM,270,55,325
7/26/14 0:00,7:00:00 AM,181,60,241
7/26/14 0:00,8:00:00 AM,215,65,280
7/26/14 0:00,9:00:00 AM,247,46,293
7/26/14 0:00,10:00:00 AM,194,24,218
7/26/14 0:00,11:00:00 AM,159,25,184
7/26/14 0:00,12:00:00 PM,103,13,116
7/26/14 0:00,1:00:00 PM,81,6,87
7/26/14 0:00,2:00:00 PM,56,5,61
7/26/14 0:00,3:00:00 PM,56,2,58
7/26/14 0:00,4:00:00 PM,75,11,86
7/26/14 0:00,5:00:00 PM,99,3,102
7/26/14 0:00,6:00:00 PM,51,6,57
7/26/14 0:00,7:00:00 PM,49,7,56
7/26/14 0:00,8:00:00 PM,43,3,46
7/26/14 0:00,9:00:00 PM,14,0,14
7/26/14 0:00,10:00:00 PM,0,1,1
7/26/14 0:00,11:00:00 PM,1,4,5
7/27/14 0:00,12:00:00 AM,0,0,0
7/27/14 0:00,1:00:00 AM,0,0,0
7/27/14 0:00,2:00:00 AM,0,0,0
7/27/14 0:00,3:00:00 AM,42,0,42
7/27/14 0:00,4:00:00 AM,114,7,121
7/27/14 0:00,5:00:00 AM,169,29,198
7/27/14 0:00,6:00:00 AM,120,46,166
7/27/14 0:00,7:00:00 AM,150,58,208
7/27/14 0:00,8:00:00 AM,123,82,205
7/27/14 0:00,9:00:00 AM,209,38,247
7/27/14 0:00,10:00:00 AM,202,55,257
7/27/14 0:00,11:00:00 AM,145,16,161
7/27/14 0:00,12:00:00 PM,100,20,120
7/27/14 0:00,1:00:00 PM,73,18,91
7/27/14 0:00,2:00:00 PM,86,5,91
7/27/14 0:00,3:00:00 PM,84,6,90
7/27/14 0:00,4:00:00 PM,86,11,97
7/27/14 0:00,5:00:00 PM,78,12,90
7/27/14 0:00,6:00:00 PM,60,4,64
7/27/14 0:00,7:00:00 PM,41,7,48
7/27/14 0:00,8:00:00 PM,46,6,52
7/27/14 0:00,9:00:00 PM,9,1,10
7/27/14 0:00,10:00:00 PM,0,0,0
7/27/14 0:00,11:00:00 PM,0,1,1
7/28/14 0:00,12:00:00 AM,0,0,0
7/28/14 0:00,1:00:00 AM,0,0,0
7/28/14 0:00,2:00:00 AM,1,0,1
7/28/14 0:00,3:00:00 AM,15,0,15
7/28/14 0:00,4:00:00 AM,59,1,60
7/28/14 0:00,5:00:00 AM,50,13,63
7/28/14 0:00,6:00:00 AM,70,18,88
7/28/14 0:00,7:00:00 AM,38,1,39
7/28/14 0:00,8:00:00 AM,44,9,53
7/28/14 0:00,9:00:00 AM,84,8,92
7/28/14 0:00,10:00:00 AM,67,10,77
7/28/14 0:00,11:00:00 AM,74,4,78
7/28/14 0:00,12:00:00 PM,58,7,65
7/28/14 0:00,1:00:00 PM,58,10,68
7/28/14 0:00,2:00:00 PM,35,2,37
7/28/14 0:00,3:00:00 PM,50,4,54
7/28/14 0:00,4:00:00 PM,90,6,96
7/28/14 0:00,5:00:00 PM,68,11,79
7/28/14 0:00,6:00:00 PM,57,1,58
7/28/14 0:00,7:00:00 PM,51,5,56
7/28/14 0:00,8:00:00 PM,30,2,32
7/28/14 0:00,9:00:00 PM,2,0,2
7/28/14 0:00,10:00:00 PM,3,2,5
7/28/14 0:00,11:00:00 PM,0,1,1
7/29/14 0:00,12:00:00 AM,0,1,1
7/29/14 0:00,1:00:00 AM,0,0,0
7/29/14 0:00,2:00:00 AM,3,0,3
7/29/14 0:00,3:00:00 AM,12,0,12
7/29/14 0:00,4:00:00 AM,58,1,59
7/29/14 0:00,5:00:00 AM,76,9,85
7/29/14 0:00,6:00:00 AM,57,5,62
7/29/14 0:00,7:00:00 AM,45,9,54
7/29/14 0:00,8:00:00 AM,58,6,64
7/29/14 0:00,9:00:00 AM,82,3,85
7/29/14 0:00,10:00:00 AM,73,12,85
7/29/14 0:00,11:00:00 AM,55,15,70
7/29/14 0:00,12:00:00 PM,74,3,77
7/29/14 0:00,1:00:00 PM,48,6,54
7/29/14 0:00,2:00:00 PM,45,3,48
7/29/14 0:00,3:00:00 PM,53,3,56
7/29/14 0:00,4:00:00 PM,62,7,69
7/29/14 0:00,5:00:00 PM,121,13,134
7/29/14 0:00,6:00:00 PM,61,5,66
7/29/14 0:00,7:00:00 PM,59,11,70
7/29/14 0:00,8:00:00 PM,63,1,64
7/29/14 0:00,9:00:00 PM,12,0,12
7/29/14 0:00,10:00:00 PM,1,2,3
7/29/14 0:00,11:00:00 PM,0,0,0
7/30/14 0:00,12:00:00 AM,0,1,1
7/30/14 0:00,1:00:00 AM,0,1,1
7/30/14 0:00,2:00:00 AM,0,2,2
7/30/14 0:00,3:00:00 AM,14,0,14
7/30/14 0:00,4:00:00 AM,74,1,75
7/30/14 0:00,5:00:00 AM,69,9,78
7/30/14 0:00,6:00:00 AM,60,4,64
7/30/14 0:00,7:00:00 AM,41,15,56
7/30/14 0:00,8:00:00 AM,53,7,60
7/30/14 0:00,9:00:00 AM,75,16,91
7/30/14 0:00,10:00:00 AM,72,15,87
7/30/14 0:00,11:00:00 AM,63,9,72
7/30/14 0:00,12:00:00 PM,74,6,80
7/30/14 0:00,1:00:00 PM,69,6,75
7/30/14 0:00,2:00:00 PM,62,1,63
7/30/14 0:00,3:00:00 PM,52,3,55
7/30/14 0:00,4:00:00 PM,106,9,115
7/30/14 0:00,5:00:00 PM,121,12,133
7/30/14 0:00,6:00:00 PM,84,12,96
7/30/14 0:00,7:00:00 PM,69,10,79
7/30/14 0:00,8:00:00 PM,54,5,59
7/30/14 0:00,9:00:00 PM,27,3,30
7/30/14 0:00,10:00:00 PM,0,0,0
7/30/14 0:00,11:00:00 PM,0,1,1
7/31/14 0:00,12:00:00 AM,0,0,0
7/31/14 0:00,1:00:00 AM,0,1,1
7/31/14 0:00,2:00:00 AM,0,1,1
7/31/14 0:00,3:00:00 AM,11,3,14
7/31/14 0:00,4:00:00 AM,57,2,59
7/31/14 0:00,5:00:00 AM,57,8,65
7/31/14 0:00,6:00:00 AM,51,11,62
7/31/14 0:00,7:00:00 AM,34,4,38
7/31/14 0:00,8:00:00 AM,55,8,63
7/31/14 0:00,9:00:00 AM,73,8,81
7/31/14 0:00,10:00:00 AM,70,33,103
7/31/14 0:00,11:00:00 AM,71,14,85
7/31/14 0:00,12:00:00 PM,55,11,66
7/31/14 0:00,1:00:00 PM,75,22,97
7/31/14 0:00,2:00:00 PM,57,1,58
7/31/14 0:00,3:00:00 PM,46,4,50
7/31/14 0:00,4:00:00 PM,76,11,87
7/31/14 0:00,5:00:00 PM,95,7,102
7/31/14 0:00,6:00:00 PM,61,15,76
7/31/14 0:00,7:00:00 PM,53,9,62
7/31/14 0:00,8:00:00 PM,80,6,86
7/31/14 0:00,9:00:00 PM,11,4,15
7/31/14 0:00,10:00:00 PM,0,0,0
7/31/14 0:00,11:00:00 PM,0,0,0
8/1/14 0:00,12:00:00 AM,0,0,0
8/1/14 0:00,1:00:00 AM,1,0,1
8/1/14 0:00,2:00:00 AM,0,0,0
8/1/14 0:00,3:00:00 AM,21,1,22
8/1/14 0:00,4:00:00 AM,61,1,62
8/1/14 0:00,5:00:00 AM,74,4,78
8/1/14 0:00,6:00:00 AM,84,4,88
8/1/14 0:00,7:00:00 AM,61,7,68
8/1/14 0:00,8:00:00 AM,59,13,72
8/1/14 0:00,9:00:00 AM,90,15,105
8/1/14 0:00,10:00:00 AM,68,9,77
8/1/14 0:00,11:00:00 AM,59,8,67
8/1/14 0:00,12:00:00 PM,50,8,58
8/1/14 0:00,1:00:00 PM,49,7,56
8/1/14 0:00,2:00:00 PM,34,4,38
8/1/14 0:00,3:00:00 PM,37,3,40
8/1/14 0:00,4:00:00 PM,40,1,41
8/1/14 0:00,5:00:00 PM,69,6,75
8/1/14 0:00,6:00:00 PM,57,8,65
8/1/14 0:00,7:00:00 PM,43,5,48
8/1/14 0:00,8:00:00 PM,43,1,44
8/1/14 0:00,9:00:00 PM,9,0,9
8/1/14 0:00,10:00:00 PM,6,0,6
8/1/14 0:00,11:00:00 PM,4,1,5
8/2/14 0:00,12:00:00 AM,0,0,0
8/2/14 0:00,1:00:00 AM,0,0,0
8/2/14 0:00,2:00:00 AM,0,0,0
8/2/14 0:00,3:00:00 AM,42,2,44
8/2/14 0:00,4:00:00 AM,154,13,167
8/2/14 0:00,5:00:00 AM,169,55,224
8/2/14 0:00,6:00:00 AM,180,63,243
8/2/14 0:00,7:00:00 AM,179,71,250
8/2/14 0:00,8:00:00 AM,259,62,321
8/2/14 0:00,9:00:00 AM,282,93,375
8/2/14 0:00,10:00:00 AM,248,44,292
8/2/14 0:00,11:00:00 AM,215,25,240
8/2/14 0:00,12:00:00 PM,134,20,154
8/2/14 0:00,1:00:00 PM,98,17,115
8/2/14 0:00,2:00:00 PM,77,9,86
8/2/14 0:00,3:00:00 PM,82,14,96
8/2/14 0:00,4:00:00 PM,83,10,93
8/2/14 0:00,5:00:00 PM,105,11,116
8/2/14 0:00,6:00:00 PM,89,10,99
8/2/14 0:00,7:00:00 PM,64,5,69
8/2/14 0:00,8:00:00 PM,67,6,73
8/2/14 0:00,9:00:00 PM,8,0,8
8/2/14 0:00,10:00:00 PM,3,0,3
8/2/14 0:00,11:00:00 PM,0,0,0
8/3/14 0:00,12:00:00 AM,1,0,1
8/3/14 0:00,1:00:00 AM,1,0,1
8/3/14 0:00,2:00:00 AM,0,1,1
8/3/14 0:00,3:00:00 AM,43,1,44
8/3/14 0:00,4:00:00 AM,114,10,124
8/3/14 0:00,5:00:00 AM,163,17,180
8/3/14 0:00,6:00:00 AM,151,67,218
8/3/14 0:00,7:00:00 AM,129,59,188
8/3/14 0:00,8:00:00 AM,179,73,252
8/3/14 0:00,9:00:00 AM,218,53,271
8/3/14 0:00,10:00:00 AM,262,47,309
8/3/14 0:00,11:00:00 AM,158,41,199
8/3/14 0:00,12:00:00 PM,168,34,202
8/3/14 0:00,1:00:00 PM,179,14,193
8/3/14 0:00,2:00:00 PM,122,12,134
8/3/14 0:00,3:00:00 PM,119,21,140
8/3/14 0:00,4:00:00 PM,120,22,142
8/3/14 0:00,5:00:00 PM,125,16,141
8/3/14 0:00,6:00:00 PM,78,8,86
8/3/14 0:00,7:00:00 PM,60,6,66
8/3/14 0:00,8:00:00 PM,42,1,43
8/3/14 0:00,9:00:00 PM,12,0,12
8/3/14 0:00,10:00:00 PM,0,0,0
8/3/14 0:00,11:00:00 PM,0,0,0
8/4/14 0:00,12:00:00 AM,0,0,0
8/4/14 0:00,1:00:00 AM,0,1,1
8/4/14 0:00,2:00:00 AM,1,1,2
8/4/14 0:00,3:00:00 AM,8,1,9
8/4/14 0:00,4:00:00 AM,28,0,28
8/4/14 0:00,5:00:00 AM,35,2,37
8/4/14 0:00,6:00:00 AM,48,9,57
8/4/14 0:00,7:00:00 AM,29,7,36
8/4/14 0:00,8:00:00 AM,23,5,28
8/4/14 0:00,9:00:00 AM,61,3,64
8/4/14 0:00,10:00:00 AM,72,9,81
8/4/14 0:00,11:00:00 AM,54,5,59
8/4/14 0:00,12:00:00 PM,67,3,70
8/4/14 0:00,1:00:00 PM,67,2,69
8/4/14 0:00,2:00:00 PM,49,4,53
8/4/14 0:00,3:00:00 PM,63,3,66
8/4/14 0:00,4:00:00 PM,76,6,82
8/4/14 0:00,5:00:00 PM,79,10,89
8/4/14 0:00,6:00:00 PM,55,9,64
8/4/14 0:00,7:00:00 PM,41,6,47
8/4/14 0:00,8:00:00 PM,35,4,39
8/4/14 0:00,9:00:00 PM,1,0,1
8/4/14 0:00,10:00:00 PM,0,0,0
8/4/14 0:00,11:00:00 PM,0,0,0
8/5/14 0:00,12:00:00 AM,0,0,0
8/5/14 0:00,1:00:00 AM,0,1,1
8/5/14 0:00,2:00:00 AM,0,1,1
8/5/14 0:00,3:00:00 AM,11,0,11
8/5/14 0:00,4:00:00 AM,54,0,54
8/5/14 0:00,5:00:00 AM,53,2,55
8/5/14 0:00,6:00:00 AM,46,13,59
8/5/14 0:00,7:00:00 AM,40,5,45
8/5/14 0:00,8:00:00 AM,52,12,64
8/5/14 0:00,9:00:00 AM,45,10,55
8/5/14 0:00,10:00:00 AM,92,7,99
8/5/14 0:00,11:00:00 AM,79,14,93
8/5/14 0:00,1:00:00 PM,82,10,92
8/5/14 0:00,2:00:00 PM,51,11,62
8/5/14 0:00,3:00:00 PM,67,3,70
8/5/14 0:00,4:00:00 PM,75,2,77
8/5/14 0:00,5:00:00 PM,91,7,98
8/5/14 0:00,6:00:00 PM,52,7,59
8/5/14 0:00,7:00:00 PM,41,6,47
8/5/14 0:00,8:00:00 PM,34,2,36
8/5/14 0:00,9:00:00 PM,0,3,3
8/5/14 0:00,10:00:00 PM,0,0,0
8/5/14 0:00,11:00:00 PM,0,0,0
8/6/14 0:00,12:00:00 AM,0,0,0
8/6/14 0:00,1:00:00 AM,0,0,0
8/6/14 0:00,2:00:00 AM,0,0,0
8/6/14 0:00,3:00:00 AM,14,0,14
8/6/14 0:00,4:00:00 AM,42,0,42
8/6/14 0:00,5:00:00 AM,36,1,37
8/6/14 0:00,6:00:00 AM,39,3,42
8/6/14 0:00,7:00:00 AM,41,12,53
8/6/14 0:00,8:00:00 AM,37,12,49
8/6/14 0:00,9:00:00 AM,73,6,79
8/6/14 0:00,10:00:00 AM,60,11,71
8/6/14 0:00,11:00:00 AM,62,4,66
8/6/14 0:00,12:00:00 PM,87,5,92
8/6/14 0:00,1:00:00 PM,52,3,55
8/6/14 0:00,2:00:00 PM,49,12,61
8/6/14 0:00,3:00:00 PM,56,3,59
8/6/14 0:00,4:00:00 PM,78,10,88
8/6/14 0:00,5:00:00 PM,79,7,86
8/6/14 0:00,6:00:00 PM,68,10,78
8/6/14 0:00,7:00:00 PM,60,5,65
8/6/14 0:00,8:00:00 PM,52,0,52
8/6/14 0:00,9:00:00 PM,4,1,5
8/6/14 0:00,10:00:00 PM,0,0,0
8/6/14 0:00,11:00:00 PM,0,0,0
8/7/14 0:00,12:00:00 AM,0,0,0
8/7/14 0:00,1:00:00 AM,0,0,0
8/7/14 0:00,2:00:00 AM,0,0,0
8/7/14 0:00,3:00:00 AM,15,0,15
8/7/14 0:00,4:00:00 AM,40,2,42
8/7/14 0:00,5:00:00 AM,52,1,53
8/7/14 0:00,6:00:00 AM,38,6,44
8/7/14 0:00,7:00:00 AM,35,7,42
8/7/14 0:00,8:00:00 AM,44,5,49
8/7/14 0:00,9:00:00 AM,76,9,85
8/7/14 0:00,10:00:00 AM,90,6,96
8/7/14 0:00,11:00:00 AM,84,1,85
8/7/14 0:00,12:00:00 PM,49,0,49
8/7/14 0:00,1:00:00 PM,40,3,43
8/7/14 0:00,2:00:00 PM,62,1,63
8/7/14 0:00,3:00:00 PM,67,3,70
8/7/14 0:00,4:00:00 PM,78,4,82
8/7/14 0:00,5:00:00 PM,89,8,97
8/7/14 0:00,6:00:00 PM,68,8,76
8/7/14 0:00,7:00:00 PM,56,11,67
8/7/14 0:00,8:00:00 PM,54,0,54
8/7/14 0:00,9:00:00 PM,10,1,11
8/7/14 0:00,10:00:00 PM,0,0,0
8/7/14 0:00,11:00:00 PM,0,0,0
8/8/14 0:00,12:00:00 AM,0,0,0
8/8/14 0:00,1:00:00 AM,0,1,1
8/8/14 0:00,2:00:00 AM,0,1,1
8/8/14 0:00,3:00:00 AM,17,0,17
8/8/14 0:00,4:00:00 AM,62,0,62
8/8/14 0:00,5:00:00 AM,52,1,53
8/8/14 0:00,6:00:00 AM,62,3,65
8/8/14 0:00,7:00:00 AM,41,7,48
8/8/14 0:00,8:00:00 AM,38,5,43
8/8/14 0:00,9:00:00 AM,56,10,66
8/8/14 0:00,10:00:00 AM,81,34,115
8/8/14 0:00,11:00:00 AM,94,2,96
8/8/14 0:00,12:00:00 PM,67,7,74
8/8/14 0:00,1:00:00 PM,64,11,75
8/8/14 0:00,2:00:00 PM,69,3,72
8/8/14 0:00,3:00:00 PM,61,3,64
8/8/14 0:00,4:00:00 PM,71,6,77
8/8/14 0:00,5:00:00 PM,77,19,96
8/8/14 0:00,6:00:00 PM,81,5,86
8/8/14 0:00,7:00:00 PM,57,3,60
8/8/14 0:00,8:00:00 PM,53,3,56
8/8/14 0:00,9:00:00 PM,13,2,15
8/8/14 0:00,10:00:00 PM,1,0,1
8/8/14 0:00,11:00:00 PM,1,0,1
8/9/14 0:00,12:00:00 AM,0,0,0
8/9/14 0:00,1:00:00 AM,0,0,0
8/9/14 0:00,2:00:00 AM,3,2,5
8/9/14 0:00,3:00:00 AM,27,0,27
8/9/14 0:00,4:00:00 AM,169,8,177
8/9/14 0:00,5:00:00 AM,181,12,193
8/9/14 0:00,6:00:00 AM,200,50,250
8/9/14 0:00,7:00:00 AM,177,51,228
8/9/14 0:00,8:00:00 AM,207,56,263
8/9/14 0:00,9:00:00 AM,236,46,282
8/9/14 0:00,10:00:00 AM,218,45,263
8/9/14 0:00,11:00:00 AM,198,32,230
8/9/14 0:00,12:00:00 PM,169,18,187
8/9/14 0:00,1:00:00 PM,122,36,158
8/9/14 0:00,2:00:00 PM,106,13,119
8/9/14 0:00,3:00:00 PM,111,12,123
8/9/14 0:00,4:00:00 PM,103,22,125
8/9/14 0:00,5:00:00 PM,121,16,137
8/9/14 0:00,6:00:00 PM,112,16,128
8/9/14 0:00,7:00:00 PM,82,16,98
8/9/14 0:00,8:00:00 PM,65,6,71
8/9/14 0:00,9:00:00 PM,11,0,11
8/9/14 0:00,10:00:00 PM,3,0,3
8/9/14 0:00,11:00:00 PM,3,0,3
8/10/14 0:00,12:00:00 AM,0,0,0
8/10/14 0:00,1:00:00 AM,0,1,1
8/10/14 0:00,2:00:00 AM,0,0,0
8/10/14 0:00,3:00:00 AM,19,0,19
8/10/14 0:00,4:00:00 AM,119,6,125
8/10/14 0:00,5:00:00 AM,140,20,160
8/10/14 0:00,6:00:00 AM,120,38,158
8/10/14 0:00,7:00:00 AM,114,54,168
8/10/14 0:00,8:00:00 AM,183,45,228
8/10/14 0:00,9:00:00 AM,302,53,355
8/10/14 0:00,10:00:00 AM,240,36,276
8/10/14 0:00,11:00:00 AM,228,33,261
8/10/14 0:00,12:00:00 PM,174,38,212
8/10/14 0:00,1:00:00 PM,148,25,173
8/10/14 0:00,2:00:00 PM,111,10,121
8/10/14 0:00,3:00:00 PM,103,17,120
8/10/14 0:00,4:00:00 PM,133,38,171
8/10/14 0:00,5:00:00 PM,114,28,142
8/10/14 0:00,6:00:00 PM,80,23,103
8/10/14 0:00,7:00:00 PM,64,4,68
8/10/14 0:00,8:00:00 PM,128,31,159
8/10/14 0:00,9:00:00 PM,22,6,28
8/10/14 0:00,10:00:00 PM,4,0,4
8/10/14 0:00,11:00:00 PM,1,1,2
8/11/14 0:00,12:00:00 AM,0,0,0
8/11/14 0:00,1:00:00 AM,0,1,1
8/11/14 0:00,2:00:00 AM,0,1,1
8/11/14 0:00,3:00:00 AM,42,1,43
8/11/14 0:00,4:00:00 AM,48,0,48
8/11/14 0:00,5:00:00 AM,54,3,57
8/11/14 0:00,6:00:00 AM,76,4,80
8/11/14 0:00,7:00:00 AM,56,7,63
8/11/14 0:00,8:00:00 AM,41,8,49
8/11/14 0:00,9:00:00 AM,70,3,73
8/11/14 0:00,10:00:00 AM,70,10,80
8/11/14 0:00,11:00:00 AM,75,5,80
8/11/14 0:00,12:00:00 PM,58,3,61
8/11/14 0:00,1:00:00 PM,55,11,66
8/11/14 0:00,2:00:00 PM,60,3,63
8/11/14 0:00,3:00:00 PM,57,2,59
8/11/14 0:00,4:00:00 PM,63,9,72
8/11/14 0:00,5:00:00 PM,107,11,118
8/11/14 0:00,6:00:00 PM,85,11,96
8/11/14 0:00,7:00:00 PM,68,6,74
8/11/14 0:00,8:00:00 PM,58,9,67
8/11/14 0:00,9:00:00 PM,18,1,19
8/11/14 0:00,10:00:00 PM,0,2,2
8/11/14 0:00,11:00:00 PM,4,0,4
8/12/14 0:00,12:00:00 AM,0,0,0
8/12/14 0:00,1:00:00 AM,0,2,2
8/12/14 0:00,2:00:00 AM,0,0,0
8/12/14 0:00,3:00:00 AM,29,3,32
8/12/14 0:00,4:00:00 AM,38,0,38
8/12/14 0:00,5:00:00 AM,60,4,64
8/12/14 0:00,6:00:00 AM,66,3,69
8/12/14 0:00,7:00:00 AM,43,10,53
8/12/14 0:00,8:00:00 AM,46,3,49
8/12/14 0:00,9:00:00 AM,70,5,75
8/12/14 0:00,10:00:00 AM,71,6,77
8/12/14 0:00,11:00:00 AM,106,5,111
8/12/14 0:00,12:00:00 PM,61,7,68
8/12/14 0:00,1:00:00 PM,86,2,88
8/12/14 0:00,2:00:00 PM,69,9,78
8/12/14 0:00,3:00:00 PM,66,3,69
8/12/14 0:00,4:00:00 PM,79,7,86
8/12/14 0:00,5:00:00 PM,75,7,82
8/12/14 0:00,6:00:00 PM,79,12,91
8/12/14 0:00,7:00:00 PM,44,7,51
8/12/14 0:00,8:00:00 PM,48,6,54
8/12/14 0:00,9:00:00 PM,11,1,12
8/12/14 0:00,10:00:00 PM,1,0,1
8/12/14 0:00,11:00:00 PM,0,0,0
8/13/14 0:00,12:00:00 AM,3,0,3
8/13/14 0:00,1:00:00 AM,0,3,3
8/13/14 0:00,2:00:00 AM,1,1,2
8/13/14 0:00,3:00:00 AM,20,0,20
8/13/14 0:00,4:00:00 AM,70,0,70
8/13/14 0:00,5:00:00 AM,67,5,72
8/13/14 0:00,6:00:00 AM,62,8,70
8/13/14 0:00,7:00:00 AM,8,12,20
8/13/14 0:00,8:00:00 AM,27,14,41
8/13/14 0:00,9:00:00 AM,79,8,87
8/13/14 0:00,10:00:00 AM,98,12,110
8/13/14 0:00,11:00:00 AM,73,17,90
8/13/14 0:00,12:00:00 PM,76,5,81
8/13/14 0:00,1:00:00 PM,92,6,98
8/13/14 0:00,2:00:00 PM,70,9,79
8/13/14 0:00,3:00:00 PM,83,2,85
8/13/14 0:00,4:00:00 PM,95,2,97
8/13/14 0:00,5:00:00 PM,108,22,130
8/13/14 0:00,6:00:00 PM,80,12,92
8/13/14 0:00,7:00:00 PM,59,8,67
8/13/14 0:00,8:00:00 PM,59,7,66
8/13/14 0:00,9:00:00 PM,1,0,1
8/13/14 0:00,10:00:00 PM,0,0,0
8/13/14 0:00,11:00:00 PM,0,0,0
8/14/14 0:00,12:00:00 AM,0,0,0
8/14/14 0:00,1:00:00 AM,0,1,1
8/14/14 0:00,2:00:00 AM,0,1,1
8/14/14 0:00,3:00:00 AM,21,1,22
8/14/14 0:00,4:00:00 AM,48,1,49
8/14/14 0:00,5:00:00 AM,54,1,55
8/14/14 0:00,6:00:00 AM,39,14,53
8/14/14 0:00,7:00:00 AM,37,6,43
8/14/14 0:00,8:00:00 AM,48,13,61
8/14/14 0:00,9:00:00 AM,65,4,69
8/14/14 0:00,10:00:00 AM,91,12,103
8/14/14 0:00,11:00:00 AM,97,1,98
8/14/14 0:00,12:00:00 PM,62,1,63
8/14/14 0:00,1:00:00 PM,72,6,78
8/14/14 0:00,2:00:00 PM,53,2,55
8/14/14 0:00,3:00:00 PM,46,3,49
8/14/14 0:00,4:00:00 PM,94,5,99
8/14/14 0:00,5:00:00 PM,116,8,124
8/14/14 0:00,6:00:00 PM,49,8,57
8/14/14 0:00,7:00:00 PM,45,5,50
8/14/14 0:00,8:00:00 PM,34,3,37
8/14/14 0:00,9:00:00 PM,9,1,10
8/14/14 0:00,10:00:00 PM,2,0,2
8/14/14 0:00,11:00:00 PM,0,0,0
8/15/14 0:00,12:00:00 AM,0,0,0
8/15/14 0:00,1:00:00 AM,0,0,0
8/15/14 0:00,2:00:00 AM,0,0,0
8/15/14 0:00,3:00:00 AM,19,0,19
8/15/14 0:00,4:00:00 AM,56,2,58
8/15/14 0:00,5:00:00 AM,97,1,98
8/15/14 0:00,6:00:00 AM,51,6,57
8/15/14 0:00,7:00:00 AM,65,4,69
8/15/14 0:00,8:00:00 AM,75,6,81
8/15/14 0:00,9:00:00 AM,106,10,116
8/15/14 0:00,10:00:00 AM,92,2,94
8/15/14 0:00,11:00:00 AM,86,7,93
8/15/14 0:00,12:00:00 PM,74,10,84
8/15/14 0:00,1:00:00 PM,79,7,86
8/15/14 0:00,2:00:00 PM,53,6,59
8/15/14 0:00,3:00:00 PM,47,4,51
8/15/14 0:00,4:00:00 PM,55,5,60
8/15/14 0:00,5:00:00 PM,69,7,76
8/15/14 0:00,6:00:00 PM,34,6,40
8/15/14 0:00,7:00:00 PM,37,6,43
8/15/14 0:00,8:00:00 PM,45,10,55
8/15/14 0:00,9:00:00 PM,6,1,7
8/15/14 0:00,10:00:00 PM,1,1,2
8/15/14 0:00,11:00:00 PM,0,3,3
8/16/14 0:00,12:00:00 AM,0,0,0
8/16/14 0:00,1:00:00 AM,0,3,3
8/16/14 0:00,2:00:00 AM,0,0,0
8/16/14 0:00,3:00:00 AM,31,3,34
8/16/14 0:00,4:00:00 AM,157,7,164
8/16/14 0:00,5:00:00 AM,138,26,164
8/16/14 0:00,6:00:00 AM,154,43,197
8/16/14 0:00,7:00:00 AM,151,56,207
8/16/14 0:00,8:00:00 AM,197,76,273
8/16/14 0:00,9:00:00 AM,243,51,294
8/16/14 0:00,10:00:00 AM,286,44,330
8/16/14 0:00,11:00:00 AM,214,37,251
8/16/14 0:00,12:00:00 PM,169,23,192
8/16/14 0:00,1:00:00 PM,142,16,158
8/16/14 0:00,2:00:00 PM,102,24,126
8/16/14 0:00,3:00:00 PM,86,20,106
8/16/14 0:00,4:00:00 PM,100,16,116
8/16/14 0:00,5:00:00 PM,80,9,89
8/16/14 0:00,6:00:00 PM,42,20,62
8/16/14 0:00,7:00:00 PM,66,11,77
8/16/14 0:00,8:00:00 PM,52,12,64
8/16/14 0:00,9:00:00 PM,4,1,5
8/16/14 0:00,10:00:00 PM,1,2,3
8/16/14 0:00,11:00:00 PM,2,2,4
8/17/14 0:00,12:00:00 AM,0,0,0
8/17/14 0:00,1:00:00 AM,1,0,1
8/17/14 0:00,2:00:00 AM,1,1,2
8/17/14 0:00,3:00:00 AM,40,3,43
8/17/14 0:00,4:00:00 AM,90,4,94
8/17/14 0:00,5:00:00 AM,132,22,154
8/17/14 0:00,6:00:00 AM,147,43,190
8/17/14 0:00,7:00:00 AM,130,62,192
8/17/14 0:00,8:00:00 AM,165,35,200
8/17/14 0:00,9:00:00 AM,278,69,347
8/17/14 0:00,10:00:00 AM,227,41,268
8/17/14 0:00,11:00:00 AM,222,46,268
8/17/14 0:00,12:00:00 PM,167,40,207
8/17/14 0:00,1:00:00 PM,123,19,142
8/17/14 0:00,2:00:00 PM,92,12,104
8/17/14 0:00,3:00:00 PM,128,14,142
8/17/14 0:00,4:00:00 PM,106,16,122
8/17/14 0:00,5:00:00 PM,62,8,70
8/17/14 0:00,6:00:00 PM,58,3,61
8/17/14 0:00,7:00:00 PM,62,8,70
8/17/14 0:00,8:00:00 PM,44,0,44
8/17/14 0:00,9:00:00 PM,7,6,13
8/17/14 0:00,10:00:00 PM,2,0,2
8/17/14 0:00,11:00:00 PM,0,2,2
8/18/14 0:00,12:00:00 AM,0,0,0
8/18/14 0:00,1:00:00 AM,0,0,0
8/18/14 0:00,2:00:00 AM,0,0,0
8/18/14 0:00,3:00:00 AM,14,0,14
8/18/14 0:00,4:00:00 AM,30,0,30
8/18/14 0:00,5:00:00 AM,34,1,35
8/18/14 0:00,6:00:00 AM,35,4,39
8/18/14 0:00,7:00:00 AM,36,3,39
8/18/14 0:00,8:00:00 AM,47,3,50
8/18/14 0:00,9:00:00 AM,76,6,82
8/18/14 0:00,10:00:00 AM,79,10,89
8/18/14 0:00,11:00:00 AM,73,9,82
8/18/14 0:00,12:00:00 PM,68,3,71
8/18/14 0:00,1:00:00 PM,56,6,62
8/18/14 0:00,2:00:00 PM,43,1,44
8/18/14 0:00,3:00:00 PM,53,3,56
8/18/14 0:00,4:00:00 PM,96,11,107
8/18/14 0:00,5:00:00 PM,76,20,96
8/18/14 0:00,6:00:00 PM,64,9,73
8/18/14 0:00,7:00:00 PM,48,3,51
8/18/14 0:00,8:00:00 PM,20,3,23
8/18/14 0:00,9:00:00 PM,2,0,2
8/18/14 0:00,10:00:00 PM,0,0,0
8/18/14 0:00,11:00:00 PM,0,0,0
8/19/14 0:00,12:00:00 AM,0,0,0
8/19/14 0:00,1:00:00 AM,0,1,1
8/19/14 0:00,2:00:00 AM,1,1,2
8/19/14 0:00,3:00:00 AM,12,3,15
8/19/14 0:00,4:00:00 AM,29,2,31
8/19/14 0:00,5:00:00 AM,32,2,34
8/19/14 0:00,6:00:00 AM,37,6,43
8/19/14 0:00,7:00:00 AM,31,4,35
8/19/14 0:00,8:00:00 AM,34,6,40
8/19/14 0:00,9:00:00 AM,35,10,45
8/19/14 0:00,10:00:00 AM,53,7,60
8/19/14 0:00,11:00:00 AM,86,9,95
8/19/14 0:00,12:00:00 PM,61,4,65
8/19/14 0:00,1:00:00 PM,56,2,58
8/19/14 0:00,2:00:00 PM,54,3,57
8/19/14 0:00,3:00:00 PM,53,6,59
8/19/14 0:00,4:00:00 PM,88,4,92
8/19/14 0:00,5:00:00 PM,83,4,87
8/19/14 0:00,6:00:00 PM,54,8,62
8/19/14 0:00,7:00:00 PM,32,5,37
8/19/14 0:00,8:00:00 PM,50,3,53
8/19/14 0:00,9:00:00 PM,3,0,3
8/19/14 0:00,10:00:00 PM,0,0,0
8/19/14 0:00,11:00:00 PM,0,0,0
8/20/14 0:00,12:00:00 AM,0,0,0
8/20/14 0:00,1:00:00 AM,0,1,1
8/20/14 0:00,2:00:00 AM,1,1,2
8/20/14 0:00,3:00:00 AM,15,0,15
8/20/14 0:00,4:00:00 AM,26,0,26
8/20/14 0:00,5:00:00 AM,42,8,50
8/20/14 0:00,6:00:00 AM,56,2,58
8/20/14 0:00,7:00:00 AM,20,3,23
8/20/14 0:00,8:00:00 AM,41,4,45
8/20/14 0:00,9:00:00 AM,84,7,91
8/20/14 0:00,10:00:00 AM,70,7,77
8/20/14 0:00,11:00:00 AM,57,6,63
8/20/14 0:00,12:00:00 PM,67,5,72
8/20/14 0:00,1:00:00 PM,54,4,58
8/20/14 0:00,2:00:00 PM,45,9,54
8/20/14 0:00,3:00:00 PM,55,4,59
8/20/14 0:00,4:00:00 PM,95,7,102
8/20/14 0:00,5:00:00 PM,91,16,107
8/20/14 0:00,6:00:00 PM,60,7,67
8/20/14 0:00,7:00:00 PM,67,5,72
8/20/14 0:00,8:00:00 PM,49,0,49
8/20/14 0:00,9:00:00 PM,2,0,2
8/20/14 0:00,10:00:00 PM,2,0,2
8/20/14 0:00,11:00:00 PM,1,0,1
8/21/14 0:00,12:00:00 AM,0,0,0
8/21/14 0:00,1:00:00 AM,0,1,1
8/21/14 0:00,2:00:00 AM,0,1,1
8/21/14 0:00,3:00:00 AM,7,0,7
8/21/14 0:00,4:00:00 AM,36,0,36
8/21/14 0:00,5:00:00 AM,50,3,53
8/21/14 0:00,6:00:00 AM,61,3,64
8/21/14 0:00,7:00:00 AM,32,4,36
8/21/14 0:00,8:00:00 AM,62,4,66
8/21/14 0:00,9:00:00 AM,77,11,88
8/21/14 0:00,10:00:00 AM,78,7,85
8/21/14 0:00,11:00:00 AM,71,0,71
8/21/14 0:00,12:00:00 PM,57,3,60
8/21/14 0:00,1:00:00 PM,58,7,65
8/21/14 0:00,2:00:00 PM,49,2,51
8/21/14 0:00,3:00:00 PM,55,1,56
8/21/14 0:00,4:00:00 PM,66,3,69
8/21/14 0:00,5:00:00 PM,73,11,84
8/21/14 0:00,6:00:00 PM,45,9,54
8/21/14 0:00,7:00:00 PM,37,3,40
8/21/14 0:00,8:00:00 PM,16,0,16
8/21/14 0:00,9:00:00 PM,13,0,13
8/21/14 0:00,10:00:00 PM,1,0,1
8/21/14 0:00,11:00:00 PM,0,0,0
8/22/14 0:00,12:00:00 AM,0,0,0
8/22/14 0:00,1:00:00 AM,0,0,0
8/22/14 0:00,2:00:00 AM,0,2,2
8/22/14 0:00,3:00:00 AM,15,0,15
8/22/14 0:00,4:00:00 AM,43,0,43
8/22/14 0:00,5:00:00 AM,75,2,77
8/22/14 0:00,6:00:00 AM,70,7,77
8/22/14 0:00,7:00:00 AM,71,3,74
8/22/14 0:00,8:00:00 AM,41,8,49
8/22/14 0:00,9:00:00 AM,73,6,79
8/22/14 0:00,10:00:00 AM,70,8,78
8/22/14 0:00,11:00:00 AM,55,7,62
8/22/14 0:00,12:00:00 PM,58,4,62
8/22/14 0:00,1:00:00 PM,48,3,51
8/22/14 0:00,2:00:00 PM,38,1,39
8/22/14 0:00,3:00:00 PM,60,0,60
8/22/14 0:00,4:00:00 PM,69,6,75
8/22/14 0:00,5:00:00 PM,90,6,96
8/22/14 0:00,6:00:00 PM,72,6,78
8/22/14 0:00,7:00:00 PM,41,5,46
8/22/14 0:00,8:00:00 PM,36,3,39
8/22/14 0:00,9:00:00 PM,14,0,14
8/22/14 0:00,10:00:00 PM,4,0,4
8/22/14 0:00,11:00:00 PM,1,0,1
8/23/14 0:00,12:00:00 AM,0,0,0
8/23/14 0:00,1:00:00 AM,1,0,1
8/23/14 0:00,2:00:00 AM,5,4,9
8/23/14 0:00,3:00:00 AM,22,1,23
8/23/14 0:00,4:00:00 AM,165,4,169
8/23/14 0:00,5:00:00 AM,180,26,206
8/23/14 0:00,6:00:00 AM,166,61,227
8/23/14 0:00,7:00:00 AM,181,51,232
8/23/14 0:00,8:00:00 AM,229,53,282
8/23/14 0:00,9:00:00 AM,231,94,325
8/23/14 0:00,10:00:00 AM,257,47,304
8/23/14 0:00,11:00:00 AM,181,36,217
8/23/14 0:00,12:00:00 PM,159,78,237
8/23/14 0:00,1:00:00 PM,110,7,117
8/23/14 0:00,2:00:00 PM,80,11,91
8/23/14 0:00,3:00:00 PM,84,7,91
8/23/14 0:00,4:00:00 PM,90,6,96
8/23/14 0:00,5:00:00 PM,86,8,94
8/23/14 0:00,6:00:00 PM,65,17,82
8/23/14 0:00,7:00:00 PM,49,1,50
8/23/14 0:00,8:00:00 PM,37,7,44
8/23/14 0:00,9:00:00 PM,7,5,12
8/23/14 0:00,10:00:00 PM,2,0,2
8/23/14 0:00,11:00:00 PM,1,0,1
8/24/14 0:00,12:00:00 AM,0,0,0
8/24/14 0:00,1:00:00 AM,0,0,0
8/24/14 0:00,2:00:00 AM,0,0,0
8/24/14 0:00,3:00:00 AM,15,1,16
8/24/14 0:00,4:00:00 AM,111,9,120
8/24/14 0:00,5:00:00 AM,183,25,208
8/24/14 0:00,6:00:00 AM,167,36,203
8/24/14 0:00,7:00:00 AM,109,53,162
8/24/14 0:00,8:00:00 AM,154,62,216
8/24/14 0:00,9:00:00 AM,240,51,291
8/24/14 0:00,10:00:00 AM,222,45,267
8/24/14 0:00,11:00:00 AM,200,39,239
8/24/14 0:00,12:00:00 PM,143,26,169
8/24/14 0:00,1:00:00 PM,130,15,145
8/24/14 0:00,2:00:00 PM,91,27,118
8/24/14 0:00,3:00:00 PM,77,11,88
8/24/14 0:00,4:00:00 PM,105,15,120
8/24/14 0:00,5:00:00 PM,100,22,122
8/24/14 0:00,6:00:00 PM,67,9,76
8/24/14 0:00,7:00:00 PM,54,5,59
8/24/14 0:00,8:00:00 PM,26,3,29
8/24/14 0:00,9:00:00 PM,3,0,3
8/24/14 0:00,10:00:00 PM,0,0,0
8/24/14 0:00,11:00:00 PM,0,0,0
8/25/14 0:00,12:00:00 AM,0,0,0
8/25/14 0:00,1:00:00 AM,0,1,1
8/25/14 0:00,2:00:00 AM,0,1,1
8/25/14 0:00,3:00:00 AM,11,1,12
8/25/14 0:00,4:00:00 AM,18,0,18
8/25/14 0:00,5:00:00 AM,30,0,30
8/25/14 0:00,6:00:00 AM,28,2,30
8/25/14 0:00,7:00:00 AM,29,4,33
8/25/14 0:00,8:00:00 AM,26,9,35
8/25/14 0:00,9:00:00 AM,29,3,32
8/25/14 0:00,10:00:00 AM,29,11,40
8/25/14 0:00,11:00:00 AM,65,5,70
8/25/14 0:00,12:00:00 PM,73,1,74
8/25/14 0:00,1:00:00 PM,42,5,47
8/25/14 0:00,2:00:00 PM,64,2,66
8/25/14 0:00,3:00:00 PM,57,2,59
8/25/14 0:00,4:00:00 PM,71,12,83
8/25/14 0:00,5:00:00 PM,71,1,72
8/25/14 0:00,6:00:00 PM,58,3,61
8/25/14 0:00,7:00:00 PM,45,4,49
8/25/14 0:00,8:00:00 PM,19,1,20
8/25/14 0:00,9:00:00 PM,5,0,5
8/25/14 0:00,10:00:00 PM,0,0,0
8/25/14 0:00,11:00:00 PM,0,0,0
8/26/14 0:00,12:00:00 AM,0,0,0
8/26/14 0:00,1:00:00 AM,0,0,0
8/26/14 0:00,2:00:00 AM,2,0,2
8/26/14 0:00,3:00:00 AM,16,0,16
8/26/14 0:00,4:00:00 AM,29,2,31
8/26/14 0:00,5:00:00 AM,28,1,29
8/26/14 0:00,6:00:00 AM,38,3,41
8/26/14 0:00,7:00:00 AM,37,2,39
8/26/14 0:00,8:00:00 AM,39,8,47
8/26/14 0:00,9:00:00 AM,61,3,64
8/26/14 0:00,10:00:00 AM,70,5,75
8/26/14 0:00,11:00:00 AM,63,3,66
8/26/14 0:00,12:00:00 PM,47,4,51
8/26/14 0:00,1:00:00 PM,37,0,37
8/26/14 0:00,2:00:00 PM,37,0,37
8/26/14 0:00,3:00:00 PM,51,8,59
8/26/14 0:00,4:00:00 PM,72,3,75
8/26/14 0:00,5:00:00 PM,71,9,80
8/26/14 0:00,6:00:00 PM,52,9,61
8/26/14 0:00,7:00:00 PM,32,5,37
8/26/14 0:00,8:00:00 PM,34,0,34
8/26/14 0:00,9:00:00 PM,4,0,4
8/26/14 0:00,10:00:00 PM,0,0,0
8/26/14 0:00,11:00:00 PM,0,0,0
8/27/14 0:00,12:00:00 AM,1,0,1
8/27/14 0:00,1:00:00 AM,0,0,0
8/27/14 0:00,2:00:00 AM,0,1,1
8/27/14 0:00,3:00:00 AM,7,1,8
8/27/14 0:00,4:00:00 AM,29,0,29
8/27/14 0:00,5:00:00 AM,54,1,55
8/27/14 0:00,6:00:00 AM,60,1,61
8/27/14 0:00,7:00:00 AM,35,8,43
8/27/14 0:00,8:00:00 AM,40,5,45
8/27/14 0:00,9:00:00 AM,61,3,64
8/27/14 0:00,10:00:00 AM,58,1,59
8/27/14 0:00,11:00:00 AM,58,3,61
8/27/14 0:00,12:00:00 PM,35,0,35
8/27/14 0:00,1:00:00 PM,49,2,51
8/27/14 0:00,2:00:00 PM,34,11,45
8/27/14 0:00,3:00:00 PM,41,2,43
8/27/14 0:00,4:00:00 PM,72,15,87
8/27/14 0:00,5:00:00 PM,66,6,72
8/27/14 0:00,6:00:00 PM,46,2,48
8/27/14 0:00,7:00:00 PM,50,0,50
8/27/14 0:00,8:00:00 PM,33,4,37
8/27/14 0:00,9:00:00 PM,4,0,4
8/27/14 0:00,10:00:00 PM,1,0,1
8/27/14 0:00,11:00:00 PM,1,0,1
8/28/14 0:00,12:00:00 AM,0,0,0
8/28/14 0:00,1:00:00 AM,0,0,0
8/28/14 0:00,2:00:00 AM,0,0,0
8/28/14 0:00,3:00:00 AM,5,0,5
8/28/14 0:00,4:00:00 AM,33,0,33
8/28/14 0:00,5:00:00 AM,26,4,30
8/28/14 0:00,6:00:00 AM,39,6,45
8/28/14 0:00,7:00:00 AM,34,2,36
8/28/14 0:00,8:00:00 AM,26,6,32
8/28/14 0:00,9:00:00 AM,58,1,59
8/28/14 0:00,10:00:00 AM,65,3,68
8/28/14 0:00,11:00:00 AM,48,2,50
8/28/14 0:00,12:00:00 PM,33,0,33
8/28/14 0:00,1:00:00 PM,45,1,46
8/28/14 0:00,2:00:00 PM,63,3,66
8/28/14 0:00,3:00:00 PM,47,3,50
8/28/14 0:00,4:00:00 PM,69,6,75
8/28/14 0:00,5:00:00 PM,52,8,60
8/28/14 0:00,6:00:00 PM,43,5,48
8/28/14 0:00,7:00:00 PM,34,5,39
8/28/14 0:00,8:00:00 PM,23,1,24
8/28/14 0:00,9:00:00 PM,3,3,6
8/28/14 0:00,10:00:00 PM,0,0,0
8/28/14 0:00,11:00:00 PM,0,0,0
8/29/14 0:00,12:00:00 AM,0,0,0
8/29/14 0:00,1:00:00 AM,3,0,3
8/29/14 0:00,2:00:00 AM,0,0,0
8/29/14 0:00,3:00:00 AM,10,0,10
8/29/14 0:00,4:00:00 AM,22,1,23
8/29/14 0:00,5:00:00 AM,34,0,34
8/29/14 0:00,6:00:00 AM,47,11,58
8/29/14 0:00,7:00:00 AM,32,4,36
8/29/14 0:00,8:00:00 AM,59,7,66
8/29/14 0:00,9:00:00 AM,81,10,91
8/29/14 0:00,10:00:00 AM,54,3,57
8/29/14 0:00,11:00:00 AM,75,3,78
8/29/14 0:00,12:00:00 PM,52,7,59
8/29/14 0:00,1:00:00 PM,51,3,54
8/29/14 0:00,2:00:00 PM,39,2,41
8/29/14 0:00,3:00:00 PM,50,2,52
8/29/14 0:00,4:00:00 PM,62,7,69
8/29/14 0:00,5:00:00 PM,35,1,36
8/29/14 0:00,6:00:00 PM,37,1,38
8/29/14 0:00,7:00:00 PM,30,3,33
8/29/14 0:00,8:00:00 PM,22,1,23
8/29/14 0:00,9:00:00 PM,4,0,4
8/29/14 0:00,10:00:00 PM,2,0,2
8/29/14 0:00,11:00:00 PM,3,0,3
8/30/14 0:00,12:00:00 AM,0,0,0
8/30/14 0:00,1:00:00 AM,0,1,1
8/30/14 0:00,2:00:00 AM,1,3,4
8/30/14 0:00,3:00:00 AM,37,1,38
8/30/14 0:00,4:00:00 AM,146,6,152
8/30/14 0:00,5:00:00 AM,203,25,228
8/30/14 0:00,6:00:00 AM,247,43,290
8/30/14 0:00,7:00:00 AM,222,69,291
8/30/14 0:00,8:00:00 AM,217,65,282
8/30/14 0:00,9:00:00 AM,264,62,326
8/30/14 0:00,10:00:00 AM,231,50,281
8/30/14 0:00,11:00:00 AM,170,42,212
8/30/14 0:00,12:00:00 PM,134,37,171
8/30/14 0:00,1:00:00 PM,103,33,136
8/30/14 0:00,2:00:00 PM,93,10,103
8/30/14 0:00,3:00:00 PM,57,10,67
8/30/14 0:00,4:00:00 PM,94,8,102
8/30/14 0:00,5:00:00 PM,66,5,71
8/30/14 0:00,6:00:00 PM,56,8,64
8/30/14 0:00,7:00:00 PM,56,3,59
8/30/14 0:00,8:00:00 PM,21,3,24
8/30/14 0:00,9:00:00 PM,2,1,3
8/30/14 0:00,10:00:00 PM,1,0,1
8/30/14 0:00,11:00:00 PM,0,0,0
8/31/14 0:00,12:00:00 AM,0,0,0
8/31/14 0:00,1:00:00 AM,0,1,1
8/31/14 0:00,2:00:00 AM,0,1,1
8/31/14 0:00,3:00:00 AM,15,1,16
8/31/14 0:00,4:00:00 AM,111,15,126
8/31/14 0:00,5:00:00 AM,172,6,178
8/31/14 0:00,6:00:00 AM,180,48,228
8/31/14 0:00,7:00:00 AM,164,73,237
8/31/14 0:00,8:00:00 AM,166,72,238
8/31/14 0:00,9:00:00 AM,223,61,284
8/31/14 0:00,10:00:00 AM,206,44,250
8/31/14 0:00,11:00:00 AM,157,38,195
8/31/14 0:00,12:00:00 PM,141,25,166
8/31/14 0:00,1:00:00 PM,124,28,152
8/31/14 0:00,2:00:00 PM,101,10,111
8/31/14 0:00,3:00:00 PM,109,12,121
8/31/14 0:00,4:00:00 PM,111,23,134
8/31/14 0:00,5:00:00 PM,88,13,101
8/31/14 0:00,6:00:00 PM,69,14,83
8/31/14 0:00,7:00:00 PM,81,5,86
8/31/14 0:00,8:00:00 PM,57,4,61
8/31/14 0:00,9:00:00 PM,20,3,23
8/31/14 0:00,10:00:00 PM,0,0,0
8/31/14 0:00,11:00:00 PM,0,0,0
9/1/14 0:00,12:00:00 AM,2,2,4
9/1/14 0:00,1:00:00 AM,2,0,2
9/1/14 0:00,2:00:00 AM,0,0,0
9/1/14 0:00,3:00:00 AM,37,0,37
9/1/14 0:00,4:00:00 AM,146,12,158
9/1/14 0:00,5:00:00 AM,175,13,188
9/1/14 0:00,6:00:00 AM,227,58,285
9/1/14 0:00,7:00:00 AM,217,63,280
9/1/14 0:00,8:00:00 AM,215,78,293
9/1/14 0:00,9:00:00 AM,271,52,323
9/1/14 0:00,10:00:00 AM,275,59,334
9/1/14 0:00,11:00:00 AM,245,53,298
9/1/14 0:00,12:00:00 PM,193,29,222
9/1/14 0:00,1:00:00 PM,154,30,184
9/1/14 0:00,2:00:00 PM,94,28,122
9/1/14 0:00,3:00:00 PM,114,8,122
9/1/14 0:00,4:00:00 PM,85,21,106
9/1/14 0:00,5:00:00 PM,53,8,61
9/1/14 0:00,6:00:00 PM,42,15,57
9/1/14 0:00,7:00:00 PM,38,7,45
9/1/14 0:00,8:00:00 PM,29,1,30
9/1/14 0:00,9:00:00 PM,4,0,4
9/1/14 0:00,10:00:00 PM,0,0,0
9/1/14 0:00,11:00:00 PM,0,0,0
9/2/14 0:00,12:00:00 AM,0,0,0
9/2/14 0:00,1:00:00 AM,0,0,0
9/2/14 0:00,2:00:00 AM,0,1,1
9/2/14 0:00,3:00:00 AM,3,1,4
9/2/14 0:00,4:00:00 AM,27,1,28
9/2/14 0:00,5:00:00 AM,35,0,35
9/2/14 0:00,6:00:00 AM,47,2,49
9/2/14 0:00,7:00:00 AM,38,0,38
9/2/14 0:00,8:00:00 AM,31,11,42
9/2/14 0:00,9:00:00 AM,43,5,48
9/2/14 0:00,10:00:00 AM,37,2,39
9/2/14 0:00,11:00:00 AM,37,12,49
9/2/14 0:00,12:00:00 PM,42,1,43
9/2/14 0:00,1:00:00 PM,26,2,28
9/2/14 0:00,2:00:00 PM,29,0,29
9/2/14 0:00,3:00:00 PM,43,4,47
9/2/14 0:00,4:00:00 PM,64,6,70
9/2/14 0:00,5:00:00 PM,56,4,60
9/2/14 0:00,6:00:00 PM,38,12,50
9/2/14 0:00,7:00:00 PM,28,1,29
9/2/14 0:00,8:00:00 PM,17,1,18
9/2/14 0:00,9:00:00 PM,2,0,2
9/2/14 0:00,10:00:00 PM,0,0,0
9/2/14 0:00,11:00:00 PM,0,0,0
9/3/14 0:00,12:00:00 AM,0,0,0
9/3/14 0:00,1:00:00 AM,0,0,0
9/3/14 0:00,2:00:00 AM,1,0,1
9/3/14 0:00,3:00:00 AM,8,0,8
9/3/14 0:00,4:00:00 AM,27,0,27
9/3/14 0:00,5:00:00 AM,46,0,46
9/3/14 0:00,6:00:00 AM,42,3,45
9/3/14 0:00,7:00:00 AM,41,1,42
9/3/14 0:00,8:00:00 AM,54,9,63
9/3/14 0:00,9:00:00 AM,61,2,63
9/3/14 0:00,10:00:00 AM,47,2,49
9/3/14 0:00,11:00:00 AM,55,3,58
9/3/14 0:00,12:00:00 PM,35,0,35
9/3/14 0:00,1:00:00 PM,22,0,22
9/3/14 0:00,2:00:00 PM,41,3,44
9/3/14 0:00,4:00:00 PM,74,0,74
9/3/14 0:00,5:00:00 PM,78,8,86
9/3/14 0:00,6:00:00 PM,65,7,72
9/3/14 0:00,7:00:00 PM,64,1,65
9/3/14 0:00,8:00:00 PM,39,0,39
9/3/14 0:00,9:00:00 PM,2,0,2
9/3/14 0:00,10:00:00 PM,0,0,0
9/3/14 0:00,11:00:00 PM,0,0,0
9/4/14 0:00,12:00:00 AM,2,0,2
9/4/14 0:00,1:00:00 AM,0,1,1
9/4/14 0:00,2:00:00 AM,2,1,3
9/4/14 0:00,3:00:00 AM,4,0,4
9/4/14 0:00,4:00:00 AM,38,0,38
9/4/14 0:00,5:00:00 AM,27,2,29
9/4/14 0:00,6:00:00 AM,41,3,44
9/4/14 0:00,7:00:00 AM,39,3,42
9/4/14 0:00,8:00:00 AM,51,3,54
9/4/14 0:00,9:00:00 AM,70,7,77
9/4/14 0:00,10:00:00 AM,49,6,55
9/4/14 0:00,11:00:00 AM,54,4,58
9/4/14 0:00,12:00:00 PM,43,5,48
9/4/14 0:00,1:00:00 PM,35,1,36
9/4/14 0:00,2:00:00 PM,36,1,37
9/4/14 0:00,3:00:00 PM,44,3,47
9/4/14 0:00,4:00:00 PM,51,0,51
9/4/14 0:00,5:00:00 PM,59,16,75
9/4/14 0:00,6:00:00 PM,58,6,64
9/4/14 0:00,7:00:00 PM,40,4,44
9/4/14 0:00,8:00:00 PM,26,1,27
9/4/14 0:00,9:00:00 PM,8,0,8
9/4/14 0:00,10:00:00 PM,0,0,0
9/4/14 0:00,11:00:00 PM,0,1,1
9/5/14 0:00,12:00:00 AM,2,0,2
9/5/14 0:00,1:00:00 AM,0,1,1
9/5/14 0:00,2:00:00 AM,0,2,2
9/5/14 0:00,3:00:00 AM,15,0,15
9/5/14 0:00,4:00:00 AM,38,0,38
9/5/14 0:00,5:00:00 AM,32,1,33
9/5/14 0:00,6:00:00 AM,44,4,48
9/5/14 0:00,7:00:00 AM,71,2,73
9/5/14 0:00,8:00:00 AM,67,6,73
9/5/14 0:00,9:00:00 AM,58,6,64
9/5/14 0:00,10:00:00 AM,59,4,63
9/5/14 0:00,11:00:00 AM,54,2,56
9/5/14 0:00,12:00:00 PM,55,3,58
9/5/14 0:00,1:00:00 PM,36,0,36
9/5/14 0:00,2:00:00 PM,30,1,31
9/5/14 0:00,3:00:00 PM,43,6,49
9/5/14 0:00,4:00:00 PM,56,12,68
9/5/14 0:00,5:00:00 PM,55,5,60
9/5/14 0:00,6:00:00 PM,51,9,60
9/5/14 0:00,7:00:00 PM,39,5,44
9/5/14 0:00,8:00:00 PM,37,2,39
9/5/14 0:00,9:00:00 PM,5,1,6
9/5/14 0:00,10:00:00 PM,2,0,2
9/5/14 0:00,11:00:00 PM,2,0,2
9/6/14 0:00,12:00:00 AM,0,0,0
9/6/14 0:00,1:00:00 AM,0,0,0
9/6/14 0:00,2:00:00 AM,0,1,1
9/6/14 0:00,3:00:00 AM,35,1,36
9/6/14 0:00,4:00:00 AM,158,11,169
9/6/14 0:00,5:00:00 AM,152,24,176
9/6/14 0:00,6:00:00 AM,168,47,215
9/6/14 0:00,7:00:00 AM,192,66,258
9/6/14 0:00,8:00:00 AM,208,35,243
9/6/14 0:00,9:00:00 AM,235,57,292
9/6/14 0:00,10:00:00 AM,242,29,271
9/6/14 0:00,11:00:00 AM,167,34,201
9/6/14 0:00,12:00:00 PM,143,16,159
9/6/14 0:00,1:00:00 PM,122,14,136
9/6/14 0:00,2:00:00 PM,82,14,96
9/6/14 0:00,3:00:00 PM,85,11,96
9/6/14 0:00,4:00:00 PM,106,17,123
9/6/14 0:00,5:00:00 PM,94,11,105
9/6/14 0:00,6:00:00 PM,88,21,109
9/6/14 0:00,7:00:00 PM,60,14,74
9/6/14 0:00,8:00:00 PM,57,0,57
9/6/14 0:00,9:00:00 PM,17,2,19
9/6/14 0:00,10:00:00 PM,4,0,4
9/6/14 0:00,11:00:00 PM,3,0,3
9/7/14 0:00,12:00:00 AM,0,0,0
9/7/14 0:00,1:00:00 AM,2,0,2
9/7/14 0:00,2:00:00 AM,0,0,0
9/7/14 0:00,3:00:00 AM,28,0,28
9/7/14 0:00,4:00:00 AM,105,11,116
9/7/14 0:00,5:00:00 AM,184,21,205
9/7/14 0:00,6:00:00 AM,157,52,209
9/7/14 0:00,7:00:00 AM,191,57,248
9/7/14 0:00,8:00:00 AM,214,63,277
9/7/14 0:00,9:00:00 AM,251,61,312
9/7/14 0:00,10:00:00 AM,223,36,259
9/7/14 0:00,11:00:00 AM,148,30,178
9/7/14 0:00,12:00:00 PM,99,11,110
9/7/14 0:00,1:00:00 PM,87,21,108
9/7/14 0:00,2:00:00 PM,103,21,124
9/7/14 0:00,3:00:00 PM,103,11,114
9/7/14 0:00,4:00:00 PM,89,17,106
9/7/14 0:00,5:00:00 PM,116,7,123
9/7/14 0:00,6:00:00 PM,90,20,110
9/7/14 0:00,7:00:00 PM,71,2,73
9/7/14 0:00,8:00:00 PM,51,0,51
9/7/14 0:00,9:00:00 PM,32,0,32
9/7/14 0:00,10:00:00 PM,3,0,3
9/7/14 0:00,11:00:00 PM,0,0,0
9/8/14 0:00,12:00:00 AM,0,0,0
9/8/14 0:00,1:00:00 AM,6,0,6
9/8/14 0:00,2:00:00 AM,1,2,3
9/8/14 0:00,3:00:00 AM,6,0,6
9/8/14 0:00,4:00:00 AM,24,0,24
9/8/14 0:00,5:00:00 AM,29,1,30
9/8/14 0:00,6:00:00 AM,29,2,31
9/8/14 0:00,7:00:00 AM,39,0,39
9/8/14 0:00,8:00:00 AM,54,5,59
9/8/14 0:00,9:00:00 AM,66,5,71
9/8/14 0:00,10:00:00 AM,76,23,99
9/8/14 0:00,11:00:00 AM,63,4,67
9/8/14 0:00,12:00:00 PM,42,1,43
9/8/14 0:00,1:00:00 PM,46,3,49
9/8/14 0:00,2:00:00 PM,37,1,38
9/8/14 0:00,3:00:00 PM,36,2,38
9/8/14 0:00,4:00:00 PM,53,3,56
9/8/14 0:00,5:00:00 PM,84,9,93
9/8/14 0:00,6:00:00 PM,85,8,93
9/8/14 0:00,7:00:00 PM,67,4,71
9/8/14 0:00,8:00:00 PM,76,0,76
9/8/14 0:00,9:00:00 PM,13,0,13
9/8/14 0:00,10:00:00 PM,7,0,7
9/8/14 0:00,11:00:00 PM,0,0,0
9/9/14 0:00,12:00:00 AM,0,0,0
9/9/14 0:00,1:00:00 AM,0,0,0
9/9/14 0:00,2:00:00 AM,2,1,3
9/9/14 0:00,3:00:00 AM,9,1,10
9/9/14 0:00,4:00:00 AM,21,0,21
9/9/14 0:00,5:00:00 AM,23,1,24
9/9/14 0:00,6:00:00 AM,35,2,37
9/9/14 0:00,7:00:00 AM,44,2,46
9/9/14 0:00,8:00:00 AM,70,4,74
9/9/14 0:00,9:00:00 AM,50,5,55
9/9/14 0:00,10:00:00 AM,52,3,55
9/9/14 0:00,11:00:00 AM,49,4,53
9/9/14 0:00,12:00:00 PM,31,4,35
9/9/14 0:00,1:00:00 PM,36,1,37
9/9/14 0:00,2:00:00 PM,41,5,46
9/9/14 0:00,3:00:00 PM,45,3,48
9/9/14 0:00,4:00:00 PM,67,5,72
9/9/14 0:00,5:00:00 PM,66,14,80
9/9/14 0:00,6:00:00 PM,79,10,89
9/9/14 0:00,7:00:00 PM,64,18,82
9/9/14 0:00,8:00:00 PM,49,4,53
9/9/14 0:00,9:00:00 PM,16,2,18
9/9/14 0:00,10:00:00 PM,3,0,3
9/9/14 0:00,11:00:00 PM,2,1,3
9/10/14 0:00,12:00:00 AM,0,0,0
9/10/14 0:00,1:00:00 AM,0,0,0
9/10/14 0:00,2:00:00 AM,0,0,0
9/10/14 0:00,3:00:00 AM,22,0,22
9/10/14 0:00,4:00:00 AM,26,0,26
9/10/14 0:00,5:00:00 AM,46,2,48
9/10/14 0:00,6:00:00 AM,58,1,59
9/10/14 0:00,7:00:00 AM,58,3,61
9/10/14 0:00,8:00:00 AM,46,1,47
9/10/14 0:00,9:00:00 AM,64,2,66
9/10/14 0:00,10:00:00 AM,43,2,45
9/10/14 0:00,11:00:00 AM,47,3,50
9/10/14 0:00,12:00:00 PM,37,0,37
9/10/14 0:00,1:00:00 PM,39,2,41
9/10/14 0:00,2:00:00 PM,44,3,47
9/10/14 0:00,3:00:00 PM,50,1,51
9/10/14 0:00,4:00:00 PM,52,7,59
9/10/14 0:00,5:00:00 PM,29,4,33
9/10/14 0:00,6:00:00 PM,83,4,87
9/10/14 0:00,7:00:00 PM,75,7,82
9/10/14 0:00,8:00:00 PM,55,2,57
9/10/14 0:00,9:00:00 PM,2,0,2
9/10/14 0:00,10:00:00 PM,0,0,0
9/10/14 0:00,11:00:00 PM,0,0,0
9/11/14 0:00,12:00:00 AM,0,0,0
9/11/14 0:00,1:00:00 AM,0,1,1
9/11/14 0:00,2:00:00 AM,0,0,0
9/11/14 0:00,3:00:00 AM,8,0,8
9/11/14 0:00,4:00:00 AM,45,1,46
9/11/14 0:00,5:00:00 AM,34,1,35
9/11/14 0:00,6:00:00 AM,59,3,62
9/11/14 0:00,7:00:00 AM,68,4,72
9/11/14 0:00,8:00:00 AM,54,5,59
9/11/14 0:00,9:00:00 AM,56,8,64
9/11/14 0:00,10:00:00 AM,39,3,42
9/11/14 0:00,11:00:00 AM,42,2,44
9/11/14 0:00,12:00:00 PM,39,2,41
9/11/14 0:00,1:00:00 PM,41,0,41
9/11/14 0:00,2:00:00 PM,42,2,44
9/11/14 0:00,3:00:00 PM,45,0,45
9/11/14 0:00,4:00:00 PM,51,1,52
9/11/14 0:00,5:00:00 PM,33,4,37
9/11/14 0:00,6:00:00 PM,57,22,79
9/11/14 0:00,7:00:00 PM,39,3,42
9/11/14 0:00,8:00:00 PM,42,0,42
9/11/14 0:00,9:00:00 PM,2,0,2
9/11/14 0:00,10:00:00 PM,0,0,0
9/11/14 0:00,11:00:00 PM,1,0,1
9/12/14 0:00,12:00:00 AM,0,0,0
9/12/14 0:00,1:00:00 AM,0,1,1
9/12/14 0:00,2:00:00 AM,0,0,0
9/12/14 0:00,3:00:00 AM,11,1,12
9/12/14 0:00,4:00:00 AM,43,2,45
9/12/14 0:00,5:00:00 AM,45,3,48
9/12/14 0:00,6:00:00 AM,82,1,83
9/12/14 0:00,7:00:00 AM,66,5,71
9/12/14 0:00,8:00:00 AM,67,7,74
9/12/14 0:00,9:00:00 AM,51,5,56
9/12/14 0:00,10:00:00 AM,68,7,75
9/12/14 0:00,11:00:00 AM,44,3,47
9/12/14 0:00,12:00:00 PM,53,1,54
9/12/14 0:00,1:00:00 PM,36,3,39
9/12/14 0:00,2:00:00 PM,28,2,30
9/12/14 0:00,3:00:00 PM,33,3,36
9/12/14 0:00,4:00:00 PM,64,10,74
9/12/14 0:00,5:00:00 PM,43,3,46
9/12/14 0:00,6:00:00 PM,45,8,53
9/12/14 0:00,7:00:00 PM,57,7,64
9/12/14 0:00,8:00:00 PM,26,0,26
9/12/14 0:00,9:00:00 PM,16,0,16
9/12/14 0:00,10:00:00 PM,6,0,6
9/12/14 0:00,11:00:00 PM,0,0,0
9/13/14 0:00,12:00:00 AM,1,0,1
9/13/14 0:00,1:00:00 AM,0,0,0
9/13/14 0:00,2:00:00 AM,1,0,1
9/13/14 0:00,3:00:00 AM,45,0,45
9/13/14 0:00,4:00:00 AM,179,8,187
9/13/14 0:00,5:00:00 AM,227,25,252
9/13/14 0:00,6:00:00 AM,280,47,327
9/13/14 0:00,7:00:00 AM,268,61,329
9/13/14 0:00,8:00:00 AM,238,69,307
9/13/14 0:00,9:00:00 AM,307,45,352
9/13/14 0:00,10:00:00 AM,200,34,234
9/13/14 0:00,11:00:00 AM,163,25,188
9/13/14 0:00,12:00:00 PM,99,17,116
9/13/14 0:00,1:00:00 PM,47,10,57
9/13/14 0:00,2:00:00 PM,84,6,90
9/13/14 0:00,3:00:00 PM,67,42,109
9/13/14 0:00,4:00:00 PM,97,11,108
9/13/14 0:00,5:00:00 PM,50,11,61
9/13/14 0:00,6:00:00 PM,48,13,61
9/13/14 0:00,7:00:00 PM,68,7,75
9/13/14 0:00,8:00:00 PM,38,3,41
9/13/14 0:00,9:00:00 PM,4,0,4
9/13/14 0:00,10:00:00 PM,5,0,5
9/13/14 0:00,11:00:00 PM,0,0,0
9/14/14 0:00,12:00:00 AM,0,0,0
9/14/14 0:00,1:00:00 AM,0,0,0
9/14/14 0:00,2:00:00 AM,0,1,1
9/14/14 0:00,3:00:00 AM,32,1,33
9/14/14 0:00,4:00:00 AM,120,2,122
9/14/14 0:00,5:00:00 AM,158,24,182
9/14/14 0:00,6:00:00 AM,177,51,228
9/14/14 0:00,7:00:00 AM,195,82,277
9/14/14 0:00,8:00:00 AM,234,54,288
9/14/14 0:00,9:00:00 AM,249,78,327
9/14/14 0:00,10:00:00 AM,189,25,214
9/14/14 0:00,11:00:00 AM,144,18,162
9/14/14 0:00,12:00:00 PM,98,13,111
9/14/14 0:00,1:00:00 PM,86,15,101
9/14/14 0:00,2:00:00 PM,82,2,84
9/14/14 0:00,3:00:00 PM,70,24,94
9/14/14 0:00,4:00:00 PM,62,8,70
9/14/14 0:00,5:00:00 PM,60,4,64
9/14/14 0:00,6:00:00 PM,53,2,55
9/14/14 0:00,7:00:00 PM,56,11,67
9/14/14 0:00,8:00:00 PM,24,0,24
9/14/14 0:00,9:00:00 PM,2,0,2
9/14/14 0:00,10:00:00 PM,0,2,2
9/14/14 0:00,11:00:00 PM,1,0,1
9/15/14 0:00,12:00:00 AM,0,0,0
9/15/14 0:00,1:00:00 AM,2,0,2
9/15/14 0:00,2:00:00 AM,0,1,1
9/15/14 0:00,3:00:00 AM,11,1,12
9/15/14 0:00,4:00:00 AM,22,0,22
9/15/14 0:00,5:00:00 AM,40,0,40
9/15/14 0:00,6:00:00 AM,46,0,46
9/15/14 0:00,7:00:00 AM,46,2,48
9/15/14 0:00,8:00:00 AM,58,3,61
9/15/14 0:00,9:00:00 AM,59,9,68
9/15/14 0:00,10:00:00 AM,41,1,42
9/15/14 0:00,11:00:00 AM,33,0,33
9/15/14 0:00,12:00:00 PM,36,4,40
9/15/14 0:00,1:00:00 PM,33,0,33
9/15/14 0:00,2:00:00 PM,26,2,28
9/15/14 0:00,3:00:00 PM,39,4,43
9/15/14 0:00,4:00:00 PM,53,3,56
9/15/14 0:00,5:00:00 PM,63,10,73
9/15/14 0:00,6:00:00 PM,51,1,52
9/15/14 0:00,7:00:00 PM,41,7,48
9/15/14 0:00,8:00:00 PM,10,0,10
9/15/14 0:00,9:00:00 PM,5,0,5
9/15/14 0:00,10:00:00 PM,1,0,1
9/15/14 0:00,11:00:00 PM,0,0,0
9/16/14 0:00,12:00:00 AM,2,0,2
9/16/14 0:00,1:00:00 AM,0,0,0
9/16/14 0:00,2:00:00 AM,1,1,2
9/16/14 0:00,3:00:00 AM,9,1,10
9/16/14 0:00,4:00:00 AM,24,1,25
9/16/14 0:00,5:00:00 AM,37,1,38
9/16/14 0:00,6:00:00 AM,54,0,54
9/16/14 0:00,7:00:00 AM,64,6,70
9/16/14 0:00,8:00:00 AM,46,0,46
9/16/14 0:00,9:00:00 AM,60,5,65
9/16/14 0:00,10:00:00 AM,59,6,65
9/16/14 0:00,11:00:00 AM,42,6,48
9/16/14 0:00,12:00:00 PM,54,2,56
9/16/14 0:00,1:00:00 PM,25,1,26
9/16/14 0:00,2:00:00 PM,36,2,38
9/16/14 0:00,3:00:00 PM,51,1,52
9/16/14 0:00,4:00:00 PM,60,3,63
9/16/14 0:00,5:00:00 PM,50,8,58
9/16/14 0:00,6:00:00 PM,46,6,52
9/16/14 0:00,7:00:00 PM,28,1,29
9/16/14 0:00,8:00:00 PM,24,0,24
9/16/14 0:00,9:00:00 PM,1,0,1
9/16/14 0:00,10:00:00 PM,0,0,0
9/16/14 0:00,11:00:00 PM,0,0,0
9/17/14 0:00,12:00:00 AM,0,0,0
9/17/14 0:00,1:00:00 AM,0,1,1
9/17/14 0:00,2:00:00 AM,0,1,1
9/17/14 0:00,3:00:00 AM,11,0,11
9/17/14 0:00,4:00:00 AM,27,0,27
9/17/14 0:00,5:00:00 AM,24,8,32
9/17/14 0:00,6:00:00 AM,35,3,38
9/17/14 0:00,7:00:00 AM,48,4,52
9/17/14 0:00,8:00:00 AM,59,1,60
9/17/14 0:00,9:00:00 AM,54,7,61
9/17/14 0:00,10:00:00 AM,53,4,57
9/17/14 0:00,11:00:00 AM,64,2,66
9/17/14 0:00,12:00:00 PM,33,2,35
9/17/14 0:00,1:00:00 PM,40,1,41
9/17/14 0:00,2:00:00 PM,31,6,37
9/17/14 0:00,3:00:00 PM,51,6,57
9/17/14 0:00,4:00:00 PM,60,1,61
9/17/14 0:00,5:00:00 PM,70,14,84
9/17/14 0:00,6:00:00 PM,68,21,89
9/17/14 0:00,7:00:00 PM,37,4,41
9/17/14 0:00,8:00:00 PM,9,2,11
9/17/14 0:00,9:00:00 PM,3,0,3
9/17/14 0:00,10:00:00 PM,1,0,1
9/17/14 0:00,11:00:00 PM,0,0,0
9/18/14 0:00,12:00:00 AM,0,0,0
9/18/14 0:00,1:00:00 AM,0,0,0
9/18/14 0:00,2:00:00 AM,0,0,0
9/18/14 0:00,3:00:00 AM,5,0,5
9/18/14 0:00,4:00:00 AM,26,0,26
9/18/14 0:00,5:00:00 AM,27,0,27
9/18/14 0:00,6:00:00 AM,34,7,41
9/18/14 0:00,7:00:00 AM,21,1,22
9/18/14 0:00,8:00:00 AM,29,5,34
9/18/14 0:00,9:00:00 AM,39,2,41
9/18/14 0:00,10:00:00 AM,34,1,35
9/18/14 0:00,11:00:00 AM,35,3,38
9/18/14 0:00,12:00:00 PM,23,1,24
9/18/14 0:00,1:00:00 PM,29,5,34
9/18/14 0:00,2:00:00 PM,37,1,38
9/18/14 0:00,3:00:00 PM,69,7,76
9/18/14 0:00,4:00:00 PM,48,5,53
9/18/14 0:00,5:00:00 PM,37,16,53
9/18/14 0:00,6:00:00 PM,40,12,52
9/18/14 0:00,7:00:00 PM,38,3,41
9/18/14 0:00,8:00:00 PM,26,0,26
9/18/14 0:00,9:00:00 PM,1,0,1
9/18/14 0:00,10:00:00 PM,4,1,5
9/18/14 0:00,11:00:00 PM,0,0,0
9/19/14 0:00,12:00:00 AM,0,0,0
9/19/14 0:00,1:00:00 AM,0,0,0
9/19/14 0:00,2:00:00 AM,0,1,1
9/19/14 0:00,3:00:00 AM,9,1,10
9/19/14 0:00,4:00:00 AM,30,0,30
9/19/14 0:00,5:00:00 AM,59,1,60
9/19/14 0:00,6:00:00 AM,46,2,48
9/19/14 0:00,7:00:00 AM,48,3,51
9/19/14 0:00,8:00:00 AM,57,4,61
9/19/14 0:00,9:00:00 AM,66,5,71
9/19/14 0:00,10:00:00 AM,72,5,77
9/19/14 0:00,11:00:00 AM,55,4,59
9/19/14 0:00,12:00:00 PM,43,4,47
9/19/14 0:00,1:00:00 PM,26,0,26
9/19/14 0:00,2:00:00 PM,29,4,33
9/19/14 0:00,3:00:00 PM,41,4,45
9/19/14 0:00,4:00:00 PM,53,9,62
9/19/14 0:00,5:00:00 PM,38,6,44
9/19/14 0:00,6:00:00 PM,37,6,43
9/19/14 0:00,7:00:00 PM,29,2,31
9/19/14 0:00,8:00:00 PM,25,0,25
9/19/14 0:00,9:00:00 PM,6,0,6
9/19/14 0:00,10:00:00 PM,0,0,0
9/19/14 0:00,11:00:00 PM,0,0,0
9/20/14 0:00,12:00:00 AM,0,0,0
9/20/14 0:00,1:00:00 AM,0,0,0
9/20/14 0:00,2:00:00 AM,2,0,2
9/20/14 0:00,3:00:00 AM,28,0,28
9/20/14 0:00,4:00:00 AM,150,4,154
9/20/14 0:00,5:00:00 AM,187,45,232
9/20/14 0:00,6:00:00 AM,206,50,256
9/20/14 0:00,7:00:00 AM,203,51,254
9/20/14 0:00,8:00:00 AM,222,49,271
9/20/14 0:00,9:00:00 AM,196,61,257
9/20/14 0:00,10:00:00 AM,289,44,333
9/20/14 0:00,11:00:00 AM,183,29,212
9/20/14 0:00,12:00:00 PM,132,30,162
9/20/14 0:00,1:00:00 PM,102,22,124
9/20/14 0:00,2:00:00 PM,71,7,78
9/20/14 0:00,3:00:00 PM,91,6,97
9/20/14 0:00,4:00:00 PM,77,11,88
9/20/14 0:00,5:00:00 PM,68,8,76
9/20/14 0:00,6:00:00 PM,85,2,87
9/20/14 0:00,7:00:00 PM,40,4,44
9/20/14 0:00,8:00:00 PM,18,1,19
9/20/14 0:00,9:00:00 PM,5,0,5
9/20/14 0:00,10:00:00 PM,0,0,0
9/20/14 0:00,11:00:00 PM,1,0,1
9/21/14 0:00,12:00:00 AM,0,0,0
9/21/14 0:00,1:00:00 AM,0,0,0
9/21/14 0:00,2:00:00 AM,0,0,0
9/21/14 0:00,3:00:00 AM,24,0,24
9/21/14 0:00,4:00:00 AM,106,2,108
9/21/14 0:00,5:00:00 AM,165,23,188
9/21/14 0:00,6:00:00 AM,141,40,181
9/21/14 0:00,7:00:00 AM,160,42,202
9/21/14 0:00,8:00:00 AM,149,76,225
9/21/14 0:00,9:00:00 AM,175,52,227
9/21/14 0:00,10:00:00 AM,159,42,201
9/21/14 0:00,11:00:00 AM,146,18,164
9/21/14 0:00,12:00:00 PM,129,11,140
9/21/14 0:00,1:00:00 PM,96,6,102
9/21/14 0:00,2:00:00 PM,102,9,111
9/21/14 0:00,3:00:00 PM,101,7,108
9/21/14 0:00,4:00:00 PM,86,15,101
9/21/14 0:00,5:00:00 PM,85,8,93
9/21/14 0:00,6:00:00 PM,46,2,48
9/21/14 0:00,7:00:00 PM,16,1,17
9/21/14 0:00,8:00:00 PM,7,0,7
9/21/14 0:00,9:00:00 PM,0,1,1
9/21/14 0:00,10:00:00 PM,0,0,0
9/21/14 0:00,11:00:00 PM,0,0,0
9/22/14 0:00,12:00:00 AM,0,0,0
9/22/14 0:00,1:00:00 AM,0,0,0
9/22/14 0:00,2:00:00 AM,0,1,1
9/22/14 0:00,3:00:00 AM,3,1,4
9/22/14 0:00,4:00:00 AM,20,2,22
9/22/14 0:00,5:00:00 AM,21,0,21
9/22/14 0:00,6:00:00 AM,27,0,27
9/22/14 0:00,7:00:00 AM,42,1,43
9/22/14 0:00,8:00:00 AM,37,6,43
9/22/14 0:00,9:00:00 AM,47,4,51
9/22/14 0:00,10:00:00 AM,53,1,54
9/22/14 0:00,11:00:00 AM,50,6,56
9/22/14 0:00,12:00:00 PM,54,3,57
9/22/14 0:00,1:00:00 PM,37,2,39
9/22/14 0:00,2:00:00 PM,22,4,26
9/22/14 0:00,3:00:00 PM,38,0,38
9/22/14 0:00,4:00:00 PM,39,1,40
9/22/14 0:00,5:00:00 PM,49,4,53
9/22/14 0:00,6:00:00 PM,43,2,45
9/22/14 0:00,7:00:00 PM,34,1,35
9/22/14 0:00,8:00:00 PM,9,0,9
9/22/14 0:00,9:00:00 PM,1,0,1
9/22/14 0:00,10:00:00 PM,1,0,1
9/22/14 0:00,11:00:00 PM,0,0,0
9/23/14 0:00,12:00:00 AM,0,0,0
9/23/14 0:00,1:00:00 AM,1,1,2
9/23/14 0:00,2:00:00 AM,0,1,1
9/23/14 0:00,3:00:00 AM,4,0,4
9/23/14 0:00,4:00:00 AM,24,0,24
9/23/14 0:00,5:00:00 AM,27,1,28
9/23/14 0:00,6:00:00 AM,28,2,30
9/23/14 0:00,7:00:00 AM,41,2,43
9/23/14 0:00,8:00:00 AM,34,5,39
9/23/14 0:00,9:00:00 AM,69,2,71
9/23/14 0:00,10:00:00 AM,58,2,60
9/23/14 0:00,11:00:00 AM,54,4,58
9/23/14 0:00,12:00:00 PM,42,0,42
9/23/14 0:00,1:00:00 PM,40,6,46
9/23/14 0:00,2:00:00 PM,43,6,49
9/23/14 0:00,3:00:00 PM,44,5,49
9/23/14 0:00,4:00:00 PM,55,3,58
9/23/14 0:00,5:00:00 PM,51,11,62
9/23/14 0:00,6:00:00 PM,45,2,47
9/23/14 0:00,7:00:00 PM,24,1,25
9/23/14 0:00,8:00:00 PM,15,0,15
9/23/14 0:00,9:00:00 PM,5,0,5
9/23/14 0:00,10:00:00 PM,0,0,0
9/23/14 0:00,11:00:00 PM,0,0,0
9/24/14 0:00,12:00:00 AM,4,0,4
9/24/14 0:00,1:00:00 AM,0,1,1
9/24/14 0:00,2:00:00 AM,0,1,1
9/24/14 0:00,3:00:00 AM,8,0,8
9/24/14 0:00,4:00:00 AM,22,0,22
9/24/14 0:00,5:00:00 AM,30,1,31
9/24/14 0:00,6:00:00 AM,32,3,35
9/24/14 0:00,7:00:00 AM,34,8,42
9/24/14 0:00,8:00:00 AM,31,9,40
9/24/14 0:00,9:00:00 AM,56,6,62
9/24/14 0:00,10:00:00 AM,27,6,33
9/24/14 0:00,11:00:00 AM,53,1,54
9/24/14 0:00,12:00:00 PM,40,0,40
9/24/14 0:00,1:00:00 PM,41,0,41
9/24/14 0:00,2:00:00 PM,50,1,51
9/24/14 0:00,3:00:00 PM,58,2,60
9/24/14 0:00,4:00:00 PM,66,4,70
9/24/14 0:00,5:00:00 PM,55,7,62
9/24/14 0:00,6:00:00 PM,67,6,73
9/24/14 0:00,7:00:00 PM,19,1,20
9/24/14 0:00,8:00:00 PM,25,2,27
9/24/14 0:00,9:00:00 PM,5,0,5
9/24/14 0:00,10:00:00 PM,1,0,1
9/24/14 0:00,11:00:00 PM,0,0,0
9/25/14 0:00,12:00:00 AM,4,0,4
9/25/14 0:00,1:00:00 AM,0,0,0
9/25/14 0:00,2:00:00 AM,0,0,0
9/25/14 0:00,3:00:00 AM,0,0,0
9/25/14 0:00,4:00:00 AM,3,0,3
9/25/14 0:00,5:00:00 AM,1,0,1
9/25/14 0:00,6:00:00 AM,1,0,1
9/25/14 0:00,7:00:00 AM,4,0,4
9/25/14 0:00,8:00:00 AM,6,0,6
9/25/14 0:00,9:00:00 AM,9,2,11
9/25/14 0:00,10:00:00 AM,18,0,18
9/25/14 0:00,11:00:00 AM,27,2,29
9/25/14 0:00,12:00:00 PM,25,1,26
9/25/14 0:00,1:00:00 PM,27,0,27
9/25/14 0:00,2:00:00 PM,23,0,23
9/25/14 0:00,3:00:00 PM,34,3,37
9/25/14 0:00,4:00:00 PM,49,2,51
9/25/14 0:00,5:00:00 PM,44,4,48
9/25/14 0:00,6:00:00 PM,45,2,47
9/25/14 0:00,7:00:00 PM,19,1,20
9/25/14 0:00,8:00:00 PM,13,0,13
9/25/14 0:00,9:00:00 PM,0,0,0
9/25/14 0:00,10:00:00 PM,0,0,0
9/25/14 0:00,11:00:00 PM,0,0,0
9/26/14 0:00,12:00:00 AM,0,0,0
9/26/14 0:00,1:00:00 AM,0,0,0
9/26/14 0:00,2:00:00 AM,0,0,0
9/26/14 0:00,3:00:00 AM,7,0,7
9/26/14 0:00,4:00:00 AM,33,0,33
9/26/14 0:00,5:00:00 AM,38,0,38
9/26/14 0:00,6:00:00 AM,40,3,43
9/26/14 0:00,7:00:00 AM,52,9,61
9/26/14 0:00,8:00:00 AM,65,2,67
9/26/14 0:00,9:00:00 AM,50,8,58
9/26/14 0:00,10:00:00 AM,32,4,36
9/26/14 0:00,11:00:00 AM,44,6,50
9/26/14 0:00,12:00:00 PM,80,1,81
9/26/14 0:00,1:00:00 PM,43,2,45
9/26/14 0:00,2:00:00 PM,51,4,55
9/26/14 0:00,3:00:00 PM,58,7,65
9/26/14 0:00,4:00:00 PM,63,2,65
9/26/14 0:00,5:00:00 PM,60,16,76
9/26/14 0:00,6:00:00 PM,24,4,28
9/26/14 0:00,7:00:00 PM,16,1,17
9/26/14 0:00,8:00:00 PM,3,1,4
9/26/14 0:00,9:00:00 PM,2,0,2
9/26/14 0:00,10:00:00 PM,0,0,0
9/26/14 0:00,11:00:00 PM,0,0,0
9/27/14 0:00,12:00:00 AM,0,0,0
9/27/14 0:00,1:00:00 AM,0,0,0
9/27/14 0:00,2:00:00 AM,0,2,2
9/27/14 0:00,3:00:00 AM,23,0,23
9/27/14 0:00,4:00:00 AM,136,2,138
9/27/14 0:00,5:00:00 AM,175,24,199
9/27/14 0:00,6:00:00 AM,195,30,225
9/27/14 0:00,7:00:00 AM,176,59,235
9/27/14 0:00,8:00:00 AM,139,46,185
9/27/14 0:00,9:00:00 AM,178,52,230
9/27/14 0:00,10:00:00 AM,224,18,242
9/27/14 0:00,11:00:00 AM,155,39,194
9/27/14 0:00,12:00:00 PM,138,26,164
9/27/14 0:00,1:00:00 PM,114,17,131
9/27/14 0:00,2:00:00 PM,113,9,122
9/27/14 0:00,3:00:00 PM,109,27,136
9/27/14 0:00,4:00:00 PM,81,22,103
9/27/14 0:00,5:00:00 PM,64,9,73
9/27/14 0:00,6:00:00 PM,55,10,65
9/27/14 0:00,7:00:00 PM,36,4,40
9/27/14 0:00,8:00:00 PM,15,1,16
9/27/14 0:00,9:00:00 PM,5,0,5
9/27/14 0:00,10:00:00 PM,0,0,0
9/27/14 0:00,11:00:00 PM,0,0,0
9/28/14 0:00,12:00:00 AM,0,0,0
9/28/14 0:00,1:00:00 AM,0,0,0
9/28/14 0:00,2:00:00 AM,1,2,3
9/28/14 0:00,3:00:00 AM,18,0,18
9/28/14 0:00,4:00:00 AM,93,4,97
9/28/14 0:00,5:00:00 AM,133,20,153
9/28/14 0:00,6:00:00 AM,160,37,197
9/28/14 0:00,7:00:00 AM,270,52,322
9/28/14 0:00,8:00:00 AM,150,50,200
9/28/14 0:00,9:00:00 AM,151,50,201
9/28/14 0:00,10:00:00 AM,160,34,194
9/28/14 0:00,11:00:00 AM,148,26,174
9/28/14 0:00,12:00:00 PM,115,39,154
9/28/14 0:00,1:00:00 PM,110,16,126
9/28/14 0:00,2:00:00 PM,75,19,94
9/28/14 0:00,3:00:00 PM,57,16,73
9/28/14 0:00,4:00:00 PM,76,23,99
9/28/14 0:00,5:00:00 PM,39,9,48
9/28/14 0:00,6:00:00 PM,35,9,44
9/28/14 0:00,7:00:00 PM,15,3,18
9/28/14 0:00,8:00:00 PM,8,1,9
9/28/14 0:00,9:00:00 PM,0,0,0
9/28/14 0:00,10:00:00 PM,0,1,1
9/28/14 0:00,11:00:00 PM,4,0,4
9/29/14 0:00,12:00:00 AM,0,0,0
9/29/14 0:00,1:00:00 AM,0,0,0
9/29/14 0:00,2:00:00 AM,0,0,0
9/29/14 0:00,3:00:00 AM,0,0,0
9/29/14 0:00,4:00:00 AM,8,1,9
9/29/14 0:00,5:00:00 AM,40,1,41
9/29/14 0:00,6:00:00 AM,38,40,78
9/29/14 0:00,7:00:00 AM,31,1,32
9/29/14 0:00,8:00:00 AM,44,2,46
9/29/14 0:00,9:00:00 AM,46,4,50
9/29/14 0:00,10:00:00 AM,48,1,49
9/29/14 0:00,11:00:00 AM,51,3,54
9/29/14 0:00,12:00:00 PM,41,3,44
9/29/14 0:00,1:00:00 PM,41,3,44
9/29/14 0:00,2:00:00 PM,33,4,37
9/29/14 0:00,3:00:00 PM,35,1,36
9/29/14 0:00,4:00:00 PM,40,4,44
9/29/14 0:00,5:00:00 PM,29,8,37
9/29/14 0:00,6:00:00 PM,29,7,36
9/29/14 0:00,7:00:00 PM,2,1,3
9/29/14 0:00,8:00:00 PM,0,0,0
9/29/14 0:00,9:00:00 PM,0,1,1
9/29/14 0:00,10:00:00 PM,0,0,0
9/29/14 0:00,11:00:00 PM,0,0,0
9/30/14 0:00,12:00:00 AM,0,0,0
9/30/14 0:00,1:00:00 AM,0,0,0
9/30/14 0:00,2:00:00 AM,0,1,1
9/30/14 0:00,3:00:00 AM,0,1,1
9/30/14 0:00,4:00:00 AM,5,0,5
9/30/14 0:00,5:00:00 AM,43,0,43
9/30/14 0:00,6:00:00 AM,40,1,41
9/30/14 0:00,7:00:00 AM,49,1,50
9/30/14 0:00,8:00:00 AM,47,4,51
9/30/14 0:00,9:00:00 AM,32,3,35
9/30/14 0:00,10:00:00 AM,58,6,64
9/30/14 0:00,11:00:00 AM,42,3,45
9/30/14 0:00,12:00:00 PM,44,3,47
9/30/14 0:00,1:00:00 PM,32,3,35
9/30/14 0:00,2:00:00 PM,30,2,32
9/30/14 0:00,3:00:00 PM,39,2,41
9/30/14 0:00,4:00:00 PM,43,5,48
9/30/14 0:00,5:00:00 PM,42,13,55
9/30/14 0:00,6:00:00 PM,35,9,44
9/30/14 0:00,7:00:00 PM,8,3,11
9/30/14 0:00,8:00:00 PM,0,1,1
9/30/14 0:00,9:00:00 PM,0,0,0
9/30/14 0:00,10:00:00 PM,0,0,0
9/30/14 0:00,11:00:00 PM,0,0,0
10/1/14 0:00,12:00:00 AM,0,0,0
10/1/14 0:00,1:00:00 AM,1,0,1
10/1/14 0:00,2:00:00 AM,0,0,0
10/1/14 0:00,3:00:00 AM,0,0,0
10/1/14 0:00,4:00:00 AM,11,0,11
10/1/14 0:00,5:00:00 AM,41,6,47
10/1/14 0:00,6:00:00 AM,46,1,47
10/1/14 0:00,7:00:00 AM,61,6,67
10/1/14 0:00,8:00:00 AM,36,7,43
10/1/14 0:00,9:00:00 AM,43,3,46
10/1/14 0:00,10:00:00 AM,44,5,49
10/1/14 0:00,11:00:00 AM,42,3,45
10/1/14 0:00,12:00:00 PM,36,2,38
10/1/14 0:00,1:00:00 PM,40,0,40
10/1/14 0:00,2:00:00 PM,47,0,47
10/1/14 0:00,3:00:00 PM,50,4,54
10/1/14 0:00,4:00:00 PM,35,6,41
10/1/14 0:00,5:00:00 PM,43,26,69
10/1/14 0:00,6:00:00 PM,57,21,78
10/1/14 0:00,7:00:00 PM,1,17,18
10/1/14 0:00,8:00:00 PM,0,13,13
10/1/14 0:00,9:00:00 PM,0,1,1
10/1/14 0:00,10:00:00 PM,0,0,0
10/1/14 0:00,11:00:00 PM,0,0,0
10/2/14 0:00,12:00:00 AM,0,0,0
10/2/14 0:00,1:00:00 AM,0,0,0
10/2/14 0:00,2:00:00 AM,0,1,1
10/2/14 0:00,3:00:00 AM,1,1,2
10/2/14 0:00,4:00:00 AM,2,1,3
10/2/14 0:00,5:00:00 AM,41,2,43
10/2/14 0:00,6:00:00 AM,40,4,44
10/2/14 0:00,7:00:00 AM,86,4,90
10/2/14 0:00,8:00:00 AM,45,8,53
10/2/14 0:00,9:00:00 AM,48,3,51
10/2/14 0:00,10:00:00 AM,55,0,55
10/2/14 0:00,11:00:00 AM,54,2,56
10/2/14 0:00,12:00:00 PM,35,1,36
10/2/14 0:00,1:00:00 PM,32,1,33
10/2/14 0:00,2:00:00 PM,28,1,29
10/2/14 0:00,3:00:00 PM,35,1,36
10/2/14 0:00,4:00:00 PM,28,5,33
10/2/14 0:00,5:00:00 PM,23,7,30
10/2/14 0:00,6:00:00 PM,30,10,40
10/2/14 0:00,7:00:00 PM,1,2,3
10/2/14 0:00,8:00:00 PM,0,1,1
10/2/14 0:00,9:00:00 PM,0,0,0
10/2/14 0:00,10:00:00 PM,0,0,0
10/2/14 0:00,11:00:00 PM,0,0,0
10/3/14 0:00,12:00:00 AM,0,0,0
10/3/14 0:00,1:00:00 AM,1,0,1
10/3/14 0:00,2:00:00 AM,0,1,1
10/3/14 0:00,3:00:00 AM,1,1,2
10/3/14 0:00,4:00:00 AM,13,0,13
10/3/14 0:00,5:00:00 AM,45,3,48
10/3/14 0:00,6:00:00 AM,46,3,49
10/3/14 0:00,7:00:00 AM,82,6,88
10/3/14 0:00,8:00:00 AM,43,7,50
10/3/14 0:00,9:00:00 AM,69,5,74
10/3/14 0:00,10:00:00 AM,49,3,52
10/3/14 0:00,11:00:00 AM,45,13,58
10/3/14 0:00,12:00:00 PM,27,3,30
10/3/14 0:00,1:00:00 PM,18,1,19
10/3/14 0:00,2:00:00 PM,23,0,23
10/3/14 0:00,3:00:00 PM,30,3,33
10/3/14 0:00,4:00:00 PM,16,0,16
10/3/14 0:00,5:00:00 PM,20,4,24
10/3/14 0:00,6:00:00 PM,39,5,44
10/3/14 0:00,7:00:00 PM,0,13,13
10/3/14 0:00,8:00:00 PM,0,1,1
10/3/14 0:00,9:00:00 PM,1,1,2
10/3/14 0:00,10:00:00 PM,0,0,0
10/3/14 0:00,11:00:00 PM,0,1,1
10/4/14 0:00,12:00:00 AM,0,0,0
10/4/14 0:00,1:00:00 AM,0,0,0
10/4/14 0:00,2:00:00 AM,0,0,0
10/4/14 0:00,3:00:00 AM,0,0,0
10/4/14 0:00,4:00:00 AM,0,3,3
10/4/14 0:00,5:00:00 AM,229,32,261
10/4/14 0:00,6:00:00 AM,185,53,238
10/4/14 0:00,7:00:00 AM,214,71,285
10/4/14 0:00,8:00:00 AM,216,72,288
10/4/14 0:00,9:00:00 AM,198,56,254
10/4/14 0:00,10:00:00 AM,182,24,206
10/4/14 0:00,11:00:00 AM,113,18,131
10/4/14 0:00,12:00:00 PM,47,19,66
10/4/14 0:00,1:00:00 PM,66,4,70
10/4/14 0:00,2:00:00 PM,41,5,46
10/4/14 0:00,3:00:00 PM,55,10,65
10/4/14 0:00,4:00:00 PM,35,6,41
10/4/14 0:00,5:00:00 PM,26,12,38
10/4/14 0:00,6:00:00 PM,31,11,42
10/4/14 0:00,7:00:00 PM,23,6,29
10/4/14 0:00,8:00:00 PM,5,4,9
10/4/14 0:00,9:00:00 PM,4,0,4
10/4/14 0:00,10:00:00 PM,6,0,6
10/4/14 0:00,11:00:00 PM,2,0,2
10/5/14 0:00,12:00:00 AM,0,0,0
10/5/14 0:00,1:00:00 AM,2,0,2
10/5/14 0:00,2:00:00 AM,0,0,0
10/5/14 0:00,3:00:00 AM,1,1,2
10/5/14 0:00,4:00:00 AM,31,2,33
10/5/14 0:00,5:00:00 AM,192,23,215
10/5/14 0:00,6:00:00 AM,166,46,212
10/5/14 0:00,7:00:00 AM,205,62,267
10/5/14 0:00,8:00:00 AM,202,57,259
10/5/14 0:00,9:00:00 AM,191,46,237
10/5/14 0:00,10:00:00 AM,143,19,162
10/5/14 0:00,11:00:00 AM,86,24,110
10/5/14 0:00,12:00:00 PM,65,9,74
10/5/14 0:00,1:00:00 PM,78,4,82
10/5/14 0:00,2:00:00 PM,38,4,42
10/5/14 0:00,3:00:00 PM,79,3,82
10/5/14 0:00,4:00:00 PM,49,8,57
10/5/14 0:00,5:00:00 PM,40,13,53
10/5/14 0:00,6:00:00 PM,68,12,80
10/5/14 0:00,7:00:00 PM,26,0,26
10/5/14 0:00,8:00:00 PM,7,5,12
10/5/14 0:00,9:00:00 PM,2,0,2
10/5/14 0:00,10:00:00 PM,1,0,1
10/5/14 0:00,11:00:00 PM,0,0,0
10/6/14 0:00,12:00:00 AM,0,0,0
10/6/14 0:00,1:00:00 AM,0,0,0
10/6/14 0:00,2:00:00 AM,0,1,1
10/6/14 0:00,3:00:00 AM,0,1,1
10/6/14 0:00,4:00:00 AM,8,6,14
10/6/14 0:00,5:00:00 AM,34,2,36
10/6/14 0:00,6:00:00 AM,45,1,46
10/6/14 0:00,7:00:00 AM,51,3,54
10/6/14 0:00,8:00:00 AM,62,8,70
10/6/14 0:00,9:00:00 AM,48,15,63
10/6/14 0:00,10:00:00 AM,44,2,46
10/6/14 0:00,12:00:00 PM,30,2,32
10/6/14 0:00,1:00:00 PM,29,0,29
10/6/14 0:00,2:00:00 PM,16,2,18
10/6/14 0:00,3:00:00 PM,32,0,32
10/6/14 0:00,4:00:00 PM,23,7,30
10/6/14 0:00,5:00:00 PM,24,3,27
10/6/14 0:00,6:00:00 PM,36,8,44
10/6/14 0:00,7:00:00 PM,2,3,5
10/6/14 0:00,8:00:00 PM,0,4,4
10/6/14 0:00,9:00:00 PM,0,0,0
10/6/14 0:00,10:00:00 PM,0,0,0
10/6/14 0:00,11:00:00 PM,0,0,0
10/7/14 0:00,12:00:00 AM,0,0,0
10/7/14 0:00,1:00:00 AM,0,0,0
10/7/14 0:00,2:00:00 AM,0,0,0
10/7/14 0:00,3:00:00 AM,0,0,0
10/7/14 0:00,4:00:00 AM,6,1,7
10/7/14 0:00,5:00:00 AM,31,0,31
10/7/14 0:00,6:00:00 AM,45,5,50
10/7/14 0:00,7:00:00 AM,45,0,45
10/7/14 0:00,8:00:00 AM,25,1,26
10/7/14 0:00,9:00:00 AM,45,1,46
10/7/14 0:00,10:00:00 AM,37,1,38
10/7/14 0:00,11:00:00 AM,15,1,16
10/7/14 0:00,12:00:00 PM,19,0,19
10/7/14 0:00,1:00:00 PM,32,2,34
10/7/14 0:00,2:00:00 PM,35,3,38
10/7/14 0:00,3:00:00 PM,30,4,34
10/7/14 0:00,4:00:00 PM,35,8,43
10/7/14 0:00,5:00:00 PM,27,21,48
10/7/14 0:00,6:00:00 PM,28,15,43
10/7/14 0:00,7:00:00 PM,7,12,19
10/7/14 0:00,8:00:00 PM,0,5,5
10/7/14 0:00,9:00:00 PM,1,3,4
10/7/14 0:00,10:00:00 PM,0,0,0
10/7/14 0:00,11:00:00 PM,0,0,0
10/8/14 0:00,12:00:00 AM,0,0,0
10/8/14 0:00,1:00:00 AM,1,1,2
10/8/14 0:00,2:00:00 AM,0,0,0
10/8/14 0:00,3:00:00 AM,0,2,2
10/8/14 0:00,4:00:00 AM,6,2,8
10/8/14 0:00,5:00:00 AM,41,0,41
10/8/14 0:00,6:00:00 AM,62,4,66
10/8/14 0:00,7:00:00 AM,48,7,55
10/8/14 0:00,8:00:00 AM,32,4,36
10/8/14 0:00,9:00:00 AM,54,7,61
10/8/14 0:00,10:00:00 AM,36,0,36
10/8/14 0:00,11:00:00 AM,46,2,48
10/8/14 0:00,12:00:00 PM,35,4,39
10/8/14 0:00,1:00:00 PM,36,1,37
10/8/14 0:00,2:00:00 PM,17,5,22
10/8/14 0:00,3:00:00 PM,35,3,38
10/8/14 0:00,4:00:00 PM,35,2,37
10/8/14 0:00,5:00:00 PM,31,25,56
10/8/14 0:00,6:00:00 PM,40,21,61
10/8/14 0:00,7:00:00 PM,4,7,11
10/8/14 0:00,8:00:00 PM,2,6,8
10/8/14 0:00,9:00:00 PM,1,3,4
10/8/14 0:00,10:00:00 PM,2,0,2
10/8/14 0:00,11:00:00 PM,2,0,2
10/9/14 0:00,12:00:00 AM,0,0,0
10/9/14 0:00,1:00:00 AM,0,0,0
10/9/14 0:00,2:00:00 AM,0,0,0
10/9/14 0:00,3:00:00 AM,1,0,1
10/9/14 0:00,4:00:00 AM,3,4,7
10/9/14 0:00,5:00:00 AM,46,5,51
10/9/14 0:00,6:00:00 AM,41,3,44
10/9/14 0:00,7:00:00 AM,36,3,39
10/9/14 0:00,8:00:00 AM,24,23,47
10/9/14 0:00,9:00:00 AM,45,5,50
10/9/14 0:00,10:00:00 AM,30,0,30
10/9/14 0:00,11:00:00 AM,35,7,42
10/9/14 0:00,12:00:00 PM,33,0,33
10/9/14 0:00,1:00:00 PM,56,1,57
10/9/14 0:00,2:00:00 PM,38,2,40
10/9/14 0:00,3:00:00 PM,31,5,36
10/9/14 0:00,4:00:00 PM,22,17,39
10/9/14 0:00,5:00:00 PM,40,16,56
10/9/14 0:00,6:00:00 PM,25,18,43
10/9/14 0:00,7:00:00 PM,1,8,9
10/9/14 0:00,8:00:00 PM,0,0,0
10/9/14 0:00,9:00:00 PM,0,0,0
10/9/14 0:00,10:00:00 PM,1,0,1
10/9/14 0:00,11:00:00 PM,2,0,2
10/10/14 0:00,12:00:00 AM,0,3,3
10/10/14 0:00,1:00:00 AM,1,0,1
10/10/14 0:00,2:00:00 AM,0,2,2
10/10/14 0:00,3:00:00 AM,0,0,0
10/10/14 0:00,4:00:00 AM,3,0,3
10/10/14 0:00,5:00:00 AM,44,17,61
10/10/14 0:00,6:00:00 AM,39,2,41
10/10/14 0:00,7:00:00 AM,38,9,47
10/10/14 0:00,8:00:00 AM,41,5,46
10/10/14 0:00,9:00:00 AM,25,7,32
10/10/14 0:00,10:00:00 AM,36,5,41
10/10/14 0:00,11:00:00 AM,44,4,48
10/10/14 0:00,12:00:00 PM,52,1,53
10/10/14 0:00,1:00:00 PM,40,1,41
10/10/14 0:00,2:00:00 PM,22,4,26
10/10/14 0:00,3:00:00 PM,38,2,40
10/10/14 0:00,4:00:00 PM,27,8,35
10/10/14 0:00,5:00:00 PM,22,15,37
10/10/14 0:00,6:00:00 PM,26,6,32
10/10/14 0:00,7:00:00 PM,1,10,11
10/10/14 0:00,8:00:00 PM,0,3,3
10/10/14 0:00,9:00:00 PM,0,1,1
10/10/14 0:00,10:00:00 PM,0,0,0
10/10/14 0:00,11:00:00 PM,0,0,0
10/11/14 0:00,12:00:00 AM,0,0,0
10/11/14 0:00,1:00:00 AM,0,0,0
10/11/14 0:00,2:00:00 AM,0,0,0
10/11/14 0:00,3:00:00 AM,0,0,0
10/11/14 0:00,4:00:00 AM,0,0,0
10/11/14 0:00,5:00:00 AM,172,45,217
10/11/14 0:00,6:00:00 AM,148,45,193
10/11/14 0:00,7:00:00 AM,122,73,195
10/11/14 0:00,8:00:00 AM,121,45,166
10/11/14 0:00,9:00:00 AM,152,60,212
10/11/14 0:00,10:00:00 AM,138,50,188
10/11/14 0:00,11:00:00 AM,127,21,148
10/11/14 0:00,12:00:00 PM,121,20,141
10/11/14 0:00,1:00:00 PM,79,11,90
10/11/14 0:00,2:00:00 PM,93,10,103
10/11/14 0:00,3:00:00 PM,45,18,63
10/11/14 0:00,4:00:00 PM,51,21,72
10/11/14 0:00,5:00:00 PM,41,12,53
10/11/14 0:00,6:00:00 PM,32,12,44
10/11/14 0:00,7:00:00 PM,27,12,39
10/11/14 0:00,8:00:00 PM,2,2,4
10/11/14 0:00,9:00:00 PM,0,0,0
10/11/14 0:00,10:00:00 PM,0,0,0
10/11/14 0:00,11:00:00 PM,0,0,0
10/12/14 0:00,12:00:00 AM,0,0,0
10/12/14 0:00,1:00:00 AM,0,0,0
10/12/14 0:00,2:00:00 AM,0,0,0
10/12/14 0:00,3:00:00 AM,4,0,4
10/12/14 0:00,4:00:00 AM,20,4,24
10/12/14 0:00,5:00:00 AM,149,24,173
10/12/14 0:00,6:00:00 AM,158,34,192
10/12/14 0:00,7:00:00 AM,206,62,268
10/12/14 0:00,8:00:00 AM,119,34,153
10/12/14 0:00,9:00:00 AM,97,50,147
10/12/14 0:00,10:00:00 AM,102,22,124
10/12/14 0:00,11:00:00 AM,78,6,84
10/12/14 0:00,12:00:00 PM,53,11,64
10/12/14 0:00,1:00:00 PM,58,12,70
10/12/14 0:00,2:00:00 PM,63,12,75
10/12/14 0:00,3:00:00 PM,49,5,54
10/12/14 0:00,4:00:00 PM,44,8,52
10/12/14 0:00,5:00:00 PM,65,18,83
10/12/14 0:00,6:00:00 PM,50,3,53
10/12/14 0:00,7:00:00 PM,3,2,5
10/12/14 0:00,8:00:00 PM,0,3,3
10/12/14 0:00,9:00:00 PM,0,1,1
10/12/14 0:00,10:00:00 PM,0,0,0
10/12/14 0:00,11:00:00 PM,0,0,0
10/13/14 0:00,12:00:00 AM,0,0,0
10/13/14 0:00,1:00:00 AM,0,0,0
10/13/14 0:00,2:00:00 AM,0,1,1
10/13/14 0:00,3:00:00 AM,1,1,2
10/13/14 0:00,4:00:00 AM,3,4,7
10/13/14 0:00,5:00:00 AM,34,1,35
10/13/14 0:00,6:00:00 AM,58,7,65
10/13/14 0:00,7:00:00 AM,61,6,67
10/13/14 0:00,8:00:00 AM,72,4,76
10/13/14 0:00,9:00:00 AM,67,12,79
10/13/14 0:00,10:00:00 AM,73,1,74
10/13/14 0:00,11:00:00 AM,47,6,53
10/13/14 0:00,12:00:00 PM,57,3,60
10/13/14 0:00,1:00:00 PM,42,3,45
10/13/14 0:00,2:00:00 PM,33,5,38
10/13/14 0:00,3:00:00 PM,42,3,45
10/13/14 0:00,4:00:00 PM,35,3,38
10/13/14 0:00,5:00:00 PM,34,1,35
10/13/14 0:00,6:00:00 PM,33,6,39
10/13/14 0:00,7:00:00 PM,3,4,7
10/13/14 0:00,8:00:00 PM,0,0,0
10/13/14 0:00,9:00:00 PM,0,0,0
10/13/14 0:00,10:00:00 PM,1,0,1
10/13/14 0:00,11:00:00 PM,0,0,0
10/14/14 0:00,12:00:00 AM,0,0,0
10/14/14 0:00,1:00:00 AM,0,1,1
10/14/14 0:00,2:00:00 AM,0,1,1
10/14/14 0:00,3:00:00 AM,1,0,1
10/14/14 0:00,4:00:00 AM,12,1,13
10/14/14 0:00,5:00:00 AM,31,1,32
10/14/14 0:00,6:00:00 AM,37,6,43
10/14/14 0:00,7:00:00 AM,46,5,51
10/14/14 0:00,8:00:00 AM,35,7,42
10/14/14 0:00,9:00:00 AM,45,4,49
10/14/14 0:00,10:00:00 AM,25,3,28
10/14/14 0:00,11:00:00 AM,17,5,22
10/14/14 0:00,12:00:00 PM,16,0,16
10/14/14 0:00,1:00:00 PM,12,2,14
10/14/14 0:00,2:00:00 PM,10,3,13
10/14/14 0:00,3:00:00 PM,11,1,12
10/14/14 0:00,4:00:00 PM,16,3,19
10/14/14 0:00,5:00:00 PM,14,21,35
10/14/14 0:00,6:00:00 PM,9,8,17
10/14/14 0:00,7:00:00 PM,4,2,6
10/14/14 0:00,8:00:00 PM,3,2,5
10/14/14 0:00,9:00:00 PM,0,0,0
10/14/14 0:00,10:00:00 PM,2,0,2
10/14/14 0:00,11:00:00 PM,1,0,1
10/15/14 0:00,12:00:00 AM,0,0,0
10/15/14 0:00,1:00:00 AM,0,0,0
10/15/14 0:00,2:00:00 AM,0,0,0
10/15/14 0:00,3:00:00 AM,0,0,0
10/15/14 0:00,4:00:00 AM,1,2,3
10/15/14 0:00,5:00:00 AM,28,1,29
10/15/14 0:00,6:00:00 AM,34,4,38
10/15/14 0:00,7:00:00 AM,27,2,29
10/15/14 0:00,8:00:00 AM,22,1,23
10/15/14 0:00,9:00:00 AM,26,2,28
10/15/14 0:00,10:00:00 AM,16,4,20
10/15/14 0:00,11:00:00 AM,27,4,31
10/15/14 0:00,12:00:00 PM,28,4,32
10/15/14 0:00,1:00:00 PM,21,0,21
10/15/14 0:00,2:00:00 PM,29,4,33
10/15/14 0:00,3:00:00 PM,18,4,22
10/15/14 0:00,4:00:00 PM,21,11,32
10/15/14 0:00,5:00:00 PM,26,25,51
10/15/14 0:00,6:00:00 PM,12,16,28
10/15/14 0:00,7:00:00 PM,2,11,13
10/15/14 0:00,8:00:00 PM,1,8,9
10/15/14 0:00,9:00:00 PM,0,6,6
10/15/14 0:00,10:00:00 PM,1,0,1
10/15/14 0:00,11:00:00 PM,0,0,0
10/16/14 0:00,12:00:00 AM,0,0,0
10/16/14 0:00,1:00:00 AM,0,0,0
10/16/14 0:00,2:00:00 AM,0,1,1
10/16/14 0:00,3:00:00 AM,1,1,2
10/16/14 0:00,4:00:00 AM,4,2,6
10/16/14 0:00,5:00:00 AM,33,2,35
10/16/14 0:00,6:00:00 AM,43,17,60
10/16/14 0:00,7:00:00 AM,43,6,49
10/16/14 0:00,8:00:00 AM,34,4,38
10/16/14 0:00,9:00:00 AM,27,3,30
10/16/14 0:00,10:00:00 AM,25,8,33
10/16/14 0:00,11:00:00 AM,36,2,38
10/16/14 0:00,12:00:00 PM,46,2,48
10/16/14 0:00,1:00:00 PM,37,1,38
10/16/14 0:00,2:00:00 PM,23,7,30
10/16/14 0:00,3:00:00 PM,33,5,38
10/16/14 0:00,4:00:00 PM,38,13,51
10/16/14 0:00,5:00:00 PM,32,9,41
10/16/14 0:00,6:00:00 PM,11,25,36
10/16/14 0:00,7:00:00 PM,1,1,2
10/16/14 0:00,8:00:00 PM,0,2,2
10/16/14 0:00,9:00:00 PM,0,5,5
10/16/14 0:00,10:00:00 PM,0,2,2
10/16/14 0:00,11:00:00 PM,0,0,0
10/17/14 0:00,12:00:00 AM,0,0,0
10/17/14 0:00,1:00:00 AM,0,0,0
10/17/14 0:00,2:00:00 AM,0,0,0
10/17/14 0:00,3:00:00 AM,0,0,0
10/17/14 0:00,4:00:00 AM,5,1,6
10/17/14 0:00,5:00:00 AM,31,0,31
10/17/14 0:00,6:00:00 AM,48,6,54
10/17/14 0:00,7:00:00 AM,45,2,47
10/17/14 0:00,8:00:00 AM,51,11,62
10/17/14 0:00,9:00:00 AM,48,6,54
10/17/14 0:00,10:00:00 AM,47,4,51
10/17/14 0:00,11:00:00 AM,34,1,35
10/17/14 0:00,12:00:00 PM,37,3,40
10/17/14 0:00,1:00:00 PM,37,5,42
10/17/14 0:00,2:00:00 PM,38,22,60
10/17/14 0:00,3:00:00 PM,37,3,40
10/17/14 0:00,4:00:00 PM,21,28,49
10/17/14 0:00,5:00:00 PM,45,18,63
10/17/14 0:00,6:00:00 PM,32,3,35
10/17/14 0:00,7:00:00 PM,0,48,48
10/17/14 0:00,8:00:00 PM,0,4,4
10/17/14 0:00,9:00:00 PM,0,7,7
10/17/14 0:00,10:00:00 PM,0,19,19
10/17/14 0:00,11:00:00 PM,0,0,0
10/18/14 0:00,12:00:00 AM,0,1,1
10/18/14 0:00,1:00:00 AM,0,0,0
10/18/14 0:00,2:00:00 AM,0,0,0
10/18/14 0:00,3:00:00 AM,0,0,0
10/18/14 0:00,4:00:00 AM,35,1,36
10/18/14 0:00,5:00:00 AM,154,17,171
10/18/14 0:00,6:00:00 AM,193,31,224
10/18/14 0:00,7:00:00 AM,213,54,267
10/18/14 0:00,8:00:00 AM,205,48,253
10/18/14 0:00,9:00:00 AM,228,64,292
10/18/14 0:00,10:00:00 AM,152,34,186
10/18/14 0:00,11:00:00 AM,133,19,152
10/18/14 0:00,12:00:00 PM,99,15,114
10/18/14 0:00,1:00:00 PM,89,14,103
10/18/14 0:00,2:00:00 PM,75,12,87
10/18/14 0:00,3:00:00 PM,51,24,75
10/18/14 0:00,4:00:00 PM,42,11,53
10/18/14 0:00,5:00:00 PM,36,14,50
10/18/14 0:00,6:00:00 PM,29,7,36
10/18/14 0:00,7:00:00 PM,11,9,20
10/18/14 0:00,8:00:00 PM,3,0,3
10/18/14 0:00,9:00:00 PM,2,4,6
10/18/14 0:00,10:00:00 PM,0,0,0
10/18/14 0:00,11:00:00 PM,1,0,1
10/19/14 0:00,12:00:00 AM,0,3,3
10/19/14 0:00,1:00:00 AM,0,0,0
10/19/14 0:00,2:00:00 AM,0,1,1
10/19/14 0:00,3:00:00 AM,1,2,3
10/19/14 0:00,4:00:00 AM,16,6,22
10/19/14 0:00,5:00:00 AM,142,15,157
10/19/14 0:00,6:00:00 AM,129,38,167
10/19/14 0:00,7:00:00 AM,152,51,203
10/19/14 0:00,8:00:00 AM,110,60,170
10/19/14 0:00,9:00:00 AM,130,49,179
10/19/14 0:00,10:00:00 AM,121,29,150
10/19/14 0:00,11:00:00 AM,96,17,113
10/19/14 0:00,12:00:00 PM,103,12,115
10/19/14 0:00,1:00:00 PM,84,14,98
10/19/14 0:00,2:00:00 PM,73,15,88
10/19/14 0:00,3:00:00 PM,67,19,86
10/19/14 0:00,4:00:00 PM,54,17,71
10/19/14 0:00,5:00:00 PM,39,26,65
10/19/14 0:00,6:00:00 PM,33,3,36
10/19/14 0:00,7:00:00 PM,3,1,4
10/19/14 0:00,8:00:00 PM,3,5,8
10/19/14 0:00,9:00:00 PM,1,1,2
10/19/14 0:00,10:00:00 PM,1,0,1
10/19/14 0:00,11:00:00 PM,0,0,0
10/20/14 0:00,12:00:00 AM,0,0,0
10/20/14 0:00,1:00:00 AM,0,0,0
10/20/14 0:00,2:00:00 AM,0,0,0
10/20/14 0:00,3:00:00 AM,0,0,0
10/20/14 0:00,4:00:00 AM,8,0,8
10/20/14 0:00,5:00:00 AM,32,4,36
10/20/14 0:00,6:00:00 AM,34,2,36
10/20/14 0:00,7:00:00 AM,41,1,42
10/20/14 0:00,8:00:00 AM,46,6,52
10/20/14 0:00,9:00:00 AM,23,2,25
10/20/14 0:00,10:00:00 AM,19,2,21
10/20/14 0:00,11:00:00 AM,9,1,10
10/20/14 0:00,12:00:00 PM,5,1,6
10/20/14 0:00,1:00:00 PM,3,2,5
10/20/14 0:00,2:00:00 PM,9,0,9
10/20/14 0:00,3:00:00 PM,16,1,17
10/20/14 0:00,4:00:00 PM,21,6,27
10/20/14 0:00,5:00:00 PM,14,8,22
10/20/14 0:00,6:00:00 PM,12,2,14
10/20/14 0:00,7:00:00 PM,0,0,0
10/20/14 0:00,8:00:00 PM,0,0,0
10/20/14 0:00,9:00:00 PM,0,0,0
10/20/14 0:00,10:00:00 PM,0,0,0
10/20/14 0:00,11:00:00 PM,0,0,0
10/21/14 0:00,12:00:00 AM,0,0,0
10/21/14 0:00,1:00:00 AM,0,0,0
10/21/14 0:00,2:00:00 AM,0,0,0
10/21/14 0:00,3:00:00 AM,1,0,1
10/21/14 0:00,4:00:00 AM,8,0,8
10/21/14 0:00,5:00:00 AM,27,1,28
10/21/14 0:00,6:00:00 AM,32,3,35
10/21/14 0:00,7:00:00 AM,46,5,51
10/21/14 0:00,8:00:00 AM,31,6,37
10/21/14 0:00,9:00:00 AM,26,2,28
10/21/14 0:00,10:00:00 AM,41,8,49
10/21/14 0:00,11:00:00 AM,38,13,51
10/21/14 0:00,12:00:00 PM,38,2,40
10/21/14 0:00,1:00:00 PM,43,4,47
10/21/14 0:00,2:00:00 PM,35,1,36
10/21/14 0:00,3:00:00 PM,32,10,42
10/21/14 0:00,4:00:00 PM,35,42,77
10/21/14 0:00,5:00:00 PM,43,26,69
10/21/14 0:00,6:00:00 PM,26,13,39
10/21/14 0:00,7:00:00 PM,0,7,7
10/21/14 0:00,8:00:00 PM,4,8,12
10/21/14 0:00,9:00:00 PM,0,0,0
10/21/14 0:00,10:00:00 PM,2,4,6
10/21/14 0:00,11:00:00 PM,0,2,2
10/22/14 0:00,12:00:00 AM,0,0,0
10/22/14 0:00,1:00:00 AM,0,0,0
10/22/14 0:00,2:00:00 AM,0,1,1
10/22/14 0:00,3:00:00 AM,0,8,8
10/22/14 0:00,4:00:00 AM,2,4,6
10/22/14 0:00,5:00:00 AM,30,1,31
10/22/14 0:00,6:00:00 AM,40,44,84
10/22/14 0:00,7:00:00 AM,50,10,60
10/22/14 0:00,8:00:00 AM,41,7,48
10/22/14 0:00,9:00:00 AM,49,2,51
10/22/14 0:00,10:00:00 AM,41,11,52
10/22/14 0:00,11:00:00 AM,36,2,38
10/22/14 0:00,12:00:00 PM,34,2,36
10/22/14 0:00,1:00:00 PM,27,2,29
10/22/14 0:00,2:00:00 PM,29,5,34
10/22/14 0:00,3:00:00 PM,36,3,39
10/22/14 0:00,4:00:00 PM,56,6,62
10/22/14 0:00,5:00:00 PM,36,12,48
10/22/14 0:00,6:00:00 PM,25,15,40
10/22/14 0:00,7:00:00 PM,1,11,12
10/22/14 0:00,8:00:00 PM,0,11,11
10/22/14 0:00,9:00:00 PM,0,26,26
10/22/14 0:00,10:00:00 PM,0,6,6
10/22/14 0:00,11:00:00 PM,0,0,0
10/23/14 0:00,12:00:00 AM,0,0,0
10/23/14 0:00,1:00:00 AM,0,0,0
10/23/14 0:00,2:00:00 AM,0,1,1
10/23/14 0:00,3:00:00 AM,0,0,0
10/23/14 0:00,4:00:00 AM,2,11,13
10/23/14 0:00,5:00:00 AM,33,22,55
10/23/14 0:00,6:00:00 AM,31,7,38
10/23/14 0:00,7:00:00 AM,55,5,60
10/23/14 0:00,8:00:00 AM,22,4,26
10/23/14 0:00,9:00:00 AM,42,4,46
10/23/14 0:00,10:00:00 AM,28,2,30
10/23/14 0:00,11:00:00 AM,32,3,35
10/23/14 0:00,12:00:00 PM,27,3,30
10/23/14 0:00,1:00:00 PM,25,2,27
10/23/14 0:00,2:00:00 PM,25,2,27
10/23/14 0:00,3:00:00 PM,22,4,26
10/23/14 0:00,4:00:00 PM,28,5,33
10/23/14 0:00,5:00:00 PM,33,19,52
10/23/14 0:00,6:00:00 PM,25,16,41
10/23/14 0:00,7:00:00 PM,6,5,11
10/23/14 0:00,8:00:00 PM,1,5,6
10/23/14 0:00,9:00:00 PM,0,0,0
10/23/14 0:00,10:00:00 PM,1,0,1
10/23/14 0:00,11:00:00 PM,0,0,0
10/24/14 0:00,12:00:00 AM,0,0,0
10/24/14 0:00,1:00:00 AM,0,1,1
10/24/14 0:00,2:00:00 AM,0,1,1
10/24/14 0:00,3:00:00 AM,0,0,0
10/24/14 0:00,4:00:00 AM,8,1,9
10/24/14 0:00,5:00:00 AM,32,2,34
10/24/14 0:00,6:00:00 AM,24,6,30
10/24/14 0:00,7:00:00 AM,59,6,65
10/24/14 0:00,8:00:00 AM,46,5,51
10/24/14 0:00,9:00:00 AM,52,9,61
10/24/14 0:00,10:00:00 AM,51,4,55
10/24/14 0:00,11:00:00 AM,34,1,35
10/24/14 0:00,12:00:00 PM,50,1,51
10/24/14 0:00,1:00:00 PM,32,3,35
10/24/14 0:00,2:00:00 PM,31,4,35
10/24/14 0:00,3:00:00 PM,27,3,30
10/24/14 0:00,4:00:00 PM,22,12,34
10/24/14 0:00,5:00:00 PM,27,8,35
10/24/14 0:00,6:00:00 PM,22,5,27
10/24/14 0:00,7:00:00 PM,0,2,2
10/24/14 0:00,8:00:00 PM,1,2,3
10/24/14 0:00,9:00:00 PM,1,0,1
10/24/14 0:00,10:00:00 PM,0,0,0
10/24/14 0:00,11:00:00 PM,1,0,1
10/25/14 0:00,12:00:00 AM,0,0,0
10/25/14 0:00,1:00:00 AM,0,0,0
10/25/14 0:00,2:00:00 AM,0,2,2
10/25/14 0:00,3:00:00 AM,0,0,0
10/25/14 0:00,4:00:00 AM,9,0,9
10/25/14 0:00,5:00:00 AM,52,4,56
10/25/14 0:00,6:00:00 AM,18,0,18
10/25/14 0:00,7:00:00 AM,28,1,29
10/25/14 0:00,8:00:00 AM,16,0,16
10/25/14 0:00,9:00:00 AM,33,4,37
10/25/14 0:00,10:00:00 AM,47,9,56
10/25/14 0:00,11:00:00 AM,39,12,51
10/25/14 0:00,12:00:00 PM,46,9,55
10/25/14 0:00,1:00:00 PM,56,8,64
10/25/14 0:00,2:00:00 PM,51,5,56
10/25/14 0:00,3:00:00 PM,48,16,64
10/25/14 0:00,4:00:00 PM,48,9,57
10/25/14 0:00,5:00:00 PM,47,2,49
10/25/14 0:00,6:00:00 PM,15,0,15
10/25/14 0:00,7:00:00 PM,4,1,5
10/25/14 0:00,8:00:00 PM,0,1,1
10/25/14 0:00,9:00:00 PM,0,0,0
10/25/14 0:00,10:00:00 PM,0,1,1
10/25/14 0:00,11:00:00 PM,0,0,0
10/26/14 0:00,12:00:00 AM,0,0,0
10/26/14 0:00,1:00:00 AM,0,0,0
10/26/14 0:00,2:00:00 AM,0,1,1
10/26/14 0:00,3:00:00 AM,0,1,1
10/26/14 0:00,4:00:00 AM,10,5,15
10/26/14 0:00,5:00:00 AM,107,21,128
10/26/14 0:00,6:00:00 AM,108,24,132
10/26/14 0:00,7:00:00 AM,153,45,198
10/26/14 0:00,8:00:00 AM,176,42,218
10/26/14 0:00,9:00:00 AM,172,49,221
10/26/14 0:00,10:00:00 AM,167,37,204
10/26/14 0:00,11:00:00 AM,107,32,139
10/26/14 0:00,12:00:00 PM,96,12,108
10/26/14 0:00,1:00:00 PM,95,24,119
10/26/14 0:00,2:00:00 PM,66,12,78
10/26/14 0:00,3:00:00 PM,57,14,71
10/26/14 0:00,4:00:00 PM,48,21,69
10/26/14 0:00,5:00:00 PM,48,7,55
10/26/14 0:00,6:00:00 PM,42,3,45
10/26/14 0:00,7:00:00 PM,9,1,10
10/26/14 0:00,8:00:00 PM,1,0,1
10/26/14 0:00,9:00:00 PM,0,0,0
10/26/14 0:00,10:00:00 PM,1,0,1
10/26/14 0:00,11:00:00 PM,0,0,0
10/27/14 0:00,12:00:00 AM,0,0,0
10/27/14 0:00,1:00:00 AM,0,0,0
10/27/14 0:00,2:00:00 AM,0,1,1
10/27/14 0:00,3:00:00 AM,0,1,1
10/27/14 0:00,4:00:00 AM,2,1,3
10/27/14 0:00,5:00:00 AM,23,2,25
10/27/14 0:00,6:00:00 AM,33,4,37
10/27/14 0:00,7:00:00 AM,65,3,68
10/27/14 0:00,8:00:00 AM,61,6,67
10/27/14 0:00,9:00:00 AM,56,3,59
10/27/14 0:00,10:00:00 AM,64,7,71
10/27/14 0:00,11:00:00 AM,48,3,51
10/27/14 0:00,12:00:00 PM,41,3,44
10/27/14 0:00,1:00:00 PM,24,2,26
10/27/14 0:00,2:00:00 PM,32,0,32
10/27/14 0:00,3:00:00 PM,26,3,29
10/27/14 0:00,4:00:00 PM,36,1,37
10/27/14 0:00,5:00:00 PM,35,2,37
10/27/14 0:00,6:00:00 PM,17,0,17
10/27/14 0:00,7:00:00 PM,0,2,2
10/27/14 0:00,8:00:00 PM,0,0,0
10/27/14 0:00,9:00:00 PM,0,0,0
10/27/14 0:00,10:00:00 PM,0,0,0
10/27/14 0:00,11:00:00 PM,0,0,0
10/28/14 0:00,12:00:00 AM,0,0,0
10/28/14 0:00,1:00:00 AM,0,0,0
10/28/14 0:00,2:00:00 AM,0,1,1
10/28/14 0:00,3:00:00 AM,0,1,1
10/28/14 0:00,4:00:00 AM,4,1,5
10/28/14 0:00,5:00:00 AM,17,1,18
10/28/14 0:00,6:00:00 AM,34,1,35
10/28/14 0:00,7:00:00 AM,55,3,58
10/28/14 0:00,8:00:00 AM,37,1,38
10/28/14 0:00,9:00:00 AM,45,9,54
10/28/14 0:00,10:00:00 AM,44,2,46
10/28/14 0:00,11:00:00 AM,36,0,36
10/28/14 0:00,12:00:00 PM,22,0,22
10/28/14 0:00,1:00:00 PM,24,0,24
10/28/14 0:00,2:00:00 PM,30,5,35
10/28/14 0:00,3:00:00 PM,29,2,31
10/28/14 0:00,4:00:00 PM,38,2,40
10/28/14 0:00,5:00:00 PM,45,15,60
10/28/14 0:00,6:00:00 PM,28,5,33
10/28/14 0:00,7:00:00 PM,2,4,6
10/28/14 0:00,8:00:00 PM,0,3,3
10/28/14 0:00,9:00:00 PM,0,0,0
10/28/14 0:00,10:00:00 PM,1,0,1
10/28/14 0:00,11:00:00 PM,0,0,0
10/29/14 0:00,12:00:00 AM,1,0,1
10/29/14 0:00,1:00:00 AM,0,0,0
10/29/14 0:00,2:00:00 AM,0,1,1
10/29/14 0:00,3:00:00 AM,0,1,1
10/29/14 0:00,4:00:00 AM,2,0,2
10/29/14 0:00,5:00:00 AM,28,2,30
10/29/14 0:00,6:00:00 AM,41,2,43
10/29/14 0:00,7:00:00 AM,49,2,51
10/29/14 0:00,8:00:00 AM,54,3,57
10/29/14 0:00,9:00:00 AM,53,4,57
10/29/14 0:00,10:00:00 AM,43,4,47
10/29/14 0:00,11:00:00 AM,41,0,41
10/29/14 0:00,12:00:00 PM,39,3,42
10/29/14 0:00,1:00:00 PM,40,3,43
10/29/14 0:00,2:00:00 PM,55,4,59
10/29/14 0:00,3:00:00 PM,21,2,23
10/29/14 0:00,4:00:00 PM,36,4,40
10/29/14 0:00,5:00:00 PM,43,9,52
10/29/14 0:00,6:00:00 PM,19,6,25
10/29/14 0:00,7:00:00 PM,0,12,12
10/29/14 0:00,8:00:00 PM,0,10,10
10/29/14 0:00,9:00:00 PM,0,1,1
10/29/14 0:00,10:00:00 PM,0,0,0
10/29/14 0:00,11:00:00 PM,0,0,0
10/30/14 0:00,12:00:00 AM,0,0,0
10/30/14 0:00,1:00:00 AM,0,0,0
10/30/14 0:00,2:00:00 AM,0,1,1
10/30/14 0:00,3:00:00 AM,1,1,2
10/30/14 0:00,4:00:00 AM,1,3,4
10/30/14 0:00,5:00:00 AM,32,3,35
10/30/14 0:00,6:00:00 AM,38,9,47
10/30/14 0:00,7:00:00 AM,63,13,76
10/30/14 0:00,8:00:00 AM,44,8,52
10/30/14 0:00,9:00:00 AM,51,4,55
10/30/14 0:00,10:00:00 AM,31,9,40
10/30/14 0:00,11:00:00 AM,32,1,33
10/30/14 0:00,12:00:00 PM,33,1,34
10/30/14 0:00,1:00:00 PM,12,2,14
10/30/14 0:00,2:00:00 PM,20,10,30
10/30/14 0:00,3:00:00 PM,22,3,25
10/30/14 0:00,4:00:00 PM,31,10,41
10/30/14 0:00,5:00:00 PM,28,11,39
10/30/14 0:00,6:00:00 PM,13,8,21
10/30/14 0:00,7:00:00 PM,0,12,12
10/30/14 0:00,8:00:00 PM,0,8,8
10/30/14 0:00,9:00:00 PM,2,1,3
10/30/14 0:00,10:00:00 PM,0,0,0
10/30/14 0:00,11:00:00 PM,0,0,0
10/31/14 0:00,12:00:00 AM,0,0,0
10/31/14 0:00,1:00:00 AM,0,0,0
10/31/14 0:00,2:00:00 AM,0,2,2
10/31/14 0:00,3:00:00 AM,0,0,0
10/31/14 0:00,4:00:00 AM,0,1,1
10/31/14 0:00,5:00:00 AM,28,4,32
10/31/14 0:00,6:00:00 AM,22,1,23
10/31/14 0:00,7:00:00 AM,28,6,34
10/31/14 0:00,8:00:00 AM,22,0,22
10/31/14 0:00,9:00:00 AM,6,1,7
10/31/14 0:00,10:00:00 AM,12,2,14
10/31/14 0:00,11:00:00 AM,12,1,13
10/31/14 0:00,12:00:00 PM,3,0,3
10/31/14 0:00,1:00:00 PM,0,0,0
10/31/14 0:00,2:00:00 PM,3,0,3
10/31/14 0:00,3:00:00 PM,9,0,9
10/31/14 0:00,4:00:00 PM,10,0,10
10/31/14 0:00,5:00:00 PM,5,2,7
10/31/14 0:00,6:00:00 PM,3,0,3
10/31/14 0:00,7:00:00 PM,0,0,0
10/31/14 0:00,8:00:00 PM,0,0,0
10/31/14 0:00,9:00:00 PM,0,0,0
10/31/14 0:00,10:00:00 PM,0,0,0
10/31/14 0:00,11:00:00 PM,0,0,0
11/1/14 0:00,12:00:00 AM,0,0,0
11/1/14 0:00,1:00:00 AM,0,0,0
11/1/14 0:00,2:00:00 AM,0,0,0
11/1/14 0:00,3:00:00 AM,1,0,1
11/1/14 0:00,4:00:00 AM,6,0,6
11/1/14 0:00,5:00:00 AM,48,0,48
11/1/14 0:00,6:00:00 AM,37,3,40
11/1/14 0:00,7:00:00 AM,41,8,49
11/1/14 0:00,8:00:00 AM,79,24,103
11/1/14 0:00,9:00:00 AM,48,11,59
11/1/14 0:00,10:00:00 AM,46,5,51
11/1/14 0:00,11:00:00 AM,46,17,63
11/1/14 0:00,12:00:00 PM,38,8,46
11/1/14 0:00,1:00:00 PM,39,10,49
11/1/14 0:00,2:00:00 PM,42,10,52
11/1/14 0:00,3:00:00 PM,55,13,68
11/1/14 0:00,4:00:00 PM,71,19,90
11/1/14 0:00,5:00:00 PM,7,11,18
11/1/14 0:00,6:00:00 PM,1,2,3
11/1/14 0:00,7:00:00 PM,1,3,4
11/1/14 0:00,8:00:00 PM,1,0,1
11/1/14 0:00,9:00:00 PM,0,0,0
11/1/14 0:00,10:00:00 PM,1,0,1
11/1/14 0:00,11:00:00 PM,0,0,0
11/2/14 0:00,12:00:00 AM,0,0,0
11/2/14 0:00,1:00:00 AM,0,0,0
11/2/14 0:00,2:00:00 AM,0,0,0
11/2/14 0:00,3:00:00 AM,0,0,0
11/2/14 0:00,4:00:00 AM,0,1,1
11/2/14 0:00,5:00:00 AM,5,10,15
11/2/14 0:00,6:00:00 AM,137,27,164
11/2/14 0:00,7:00:00 AM,124,37,161
11/2/14 0:00,8:00:00 AM,172,87,259
11/2/14 0:00,9:00:00 AM,197,53,250
11/2/14 0:00,10:00:00 AM,177,49,226
11/2/14 0:00,11:00:00 AM,132,52,184
11/2/14 0:00,12:00:00 PM,93,27,120
11/2/14 0:00,1:00:00 PM,89,28,117
11/2/14 0:00,2:00:00 PM,78,30,108
11/2/14 0:00,3:00:00 PM,62,24,86
11/2/14 0:00,4:00:00 PM,87,31,118
11/2/14 0:00,5:00:00 PM,107,17,124
11/2/14 0:00,6:00:00 PM,24,4,28
11/2/14 0:00,7:00:00 PM,1,3,4
11/2/14 0:00,8:00:00 PM,0,0,0
11/2/14 0:00,9:00:00 PM,0,0,0
11/2/14 0:00,10:00:00 PM,0,1,1
11/2/14 0:00,11:00:00 PM,0,0,0
11/3/14 0:00,12:00:00 AM,0,0,0
11/3/14 0:00,1:00:00 AM,0,0,0
11/3/14 0:00,2:00:00 AM,0,0,0
11/3/14 0:00,3:00:00 AM,0,1,1
11/3/14 0:00,4:00:00 AM,0,1,1
11/3/14 0:00,5:00:00 AM,5,0,5
11/3/14 0:00,6:00:00 AM,28,4,32
11/3/14 0:00,7:00:00 AM,53,4,57
11/3/14 0:00,8:00:00 AM,59,0,59
11/3/14 0:00,9:00:00 AM,58,5,63
11/3/14 0:00,12:00:00 PM,42,4,46
11/3/14 0:00,1:00:00 PM,39,7,46
11/3/14 0:00,2:00:00 PM,49,2,51
11/3/14 0:00,3:00:00 PM,36,1,37
11/3/14 0:00,4:00:00 PM,20,6,26
11/3/14 0:00,5:00:00 PM,40,61,101
11/3/14 0:00,6:00:00 PM,30,5,35
11/3/14 0:00,7:00:00 PM,7,3,10
11/3/14 0:00,8:00:00 PM,0,2,2
11/3/14 0:00,9:00:00 PM,0,10,10
11/3/14 0:00,10:00:00 PM,3,2,5
11/3/14 0:00,11:00:00 PM,0,4,4
11/4/14 0:00,12:00:00 AM,1,0,1
11/4/14 0:00,1:00:00 AM,0,0,0
11/4/14 0:00,2:00:00 AM,3,0,3
11/4/14 0:00,3:00:00 AM,0,0,0
11/4/14 0:00,4:00:00 AM,0,1,1
11/4/14 0:00,5:00:00 AM,0,1,1
11/4/14 0:00,6:00:00 AM,2,1,3
11/4/14 0:00,7:00:00 AM,26,0,26
11/4/14 0:00,8:00:00 AM,48,4,52
11/4/14 0:00,9:00:00 AM,42,1,43
11/4/14 0:00,10:00:00 AM,53,1,54
11/4/14 0:00,11:00:00 AM,54,4,58
11/4/14 0:00,12:00:00 PM,27,4,31
11/4/14 0:00,1:00:00 PM,27,2,29
11/4/14 0:00,2:00:00 PM,36,37,73
11/4/14 0:00,3:00:00 PM,19,4,23
11/4/14 0:00,4:00:00 PM,18,4,22
11/4/14 0:00,5:00:00 PM,35,3,38
11/4/14 0:00,6:00:00 PM,39,11,50
11/4/14 0:00,7:00:00 PM,6,15,21
11/4/14 0:00,8:00:00 PM,0,11,11
11/4/14 0:00,9:00:00 PM,0,11,11
11/4/14 0:00,10:00:00 PM,0,2,2
11/4/14 0:00,11:00:00 PM,0,2,2
11/5/14 0:00,12:00:00 AM,0,0,0
11/5/14 0:00,1:00:00 AM,0,0,0
11/5/14 0:00,2:00:00 AM,0,0,0
11/5/14 0:00,3:00:00 AM,0,0,0
11/5/14 0:00,4:00:00 AM,0,0,0
11/5/14 0:00,5:00:00 AM,0,0,0
11/5/14 0:00,6:00:00 AM,0,1,1
11/5/14 0:00,7:00:00 AM,37,1,38
11/5/14 0:00,8:00:00 AM,56,6,62
11/5/14 0:00,9:00:00 AM,44,4,48
11/5/14 0:00,10:00:00 AM,79,4,83
11/5/14 0:00,11:00:00 AM,74,6,80
11/5/14 0:00,12:00:00 PM,42,5,47
11/5/14 0:00,1:00:00 PM,46,1,47
11/5/14 0:00,2:00:00 PM,45,2,47
11/5/14 0:00,3:00:00 PM,37,3,40
11/5/14 0:00,4:00:00 PM,29,9,38
11/5/14 0:00,5:00:00 PM,41,6,47
11/5/14 0:00,6:00:00 PM,59,5,64
11/5/14 0:00,7:00:00 PM,6,9,15
11/5/14 0:00,8:00:00 PM,0,15,15
11/5/14 0:00,9:00:00 PM,0,13,13
11/5/14 0:00,10:00:00 PM,0,7,7
11/5/14 0:00,11:00:00 PM,0,0,0
11/6/14 0:00,12:00:00 AM,0,1,1
11/6/14 0:00,1:00:00 AM,0,0,0
11/6/14 0:00,2:00:00 AM,0,0,0
11/6/14 0:00,3:00:00 AM,0,0,0
11/6/14 0:00,4:00:00 AM,0,1,1
11/6/14 0:00,5:00:00 AM,0,1,1
11/6/14 0:00,6:00:00 AM,1,7,8
11/6/14 0:00,7:00:00 AM,37,8,45
11/6/14 0:00,8:00:00 AM,41,14,55
11/6/14 0:00,9:00:00 AM,34,5,39
11/6/14 0:00,10:00:00 AM,63,2,65
11/6/14 0:00,11:00:00 AM,69,3,72
11/6/14 0:00,12:00:00 PM,32,1,33
11/6/14 0:00,1:00:00 PM,53,7,60
11/6/14 0:00,2:00:00 PM,44,1,45
11/6/14 0:00,3:00:00 PM,28,3,31
11/6/14 0:00,4:00:00 PM,27,12,39
11/6/14 0:00,5:00:00 PM,35,12,47
11/6/14 0:00,6:00:00 PM,62,15,77
11/6/14 0:00,7:00:00 PM,2,11,13
11/6/14 0:00,8:00:00 PM,0,13,13
11/6/14 0:00,9:00:00 PM,1,13,14
11/6/14 0:00,10:00:00 PM,0,2,2
11/6/14 0:00,11:00:00 PM,0,2,2
11/7/14 0:00,12:00:00 AM,0,4,4
11/7/14 0:00,1:00:00 AM,0,0,0
11/7/14 0:00,2:00:00 AM,1,0,1
11/7/14 0:00,3:00:00 AM,0,0,0
11/7/14 0:00,4:00:00 AM,0,1,1
11/7/14 0:00,5:00:00 AM,0,1,1
11/7/14 0:00,6:00:00 AM,0,1,1
11/7/14 0:00,7:00:00 AM,42,2,44
11/7/14 0:00,8:00:00 AM,49,2,51
11/7/14 0:00,9:00:00 AM,42,9,51
11/7/14 0:00,10:00:00 AM,57,9,66
11/7/14 0:00,11:00:00 AM,70,3,73
11/7/14 0:00,12:00:00 PM,58,7,65
11/7/14 0:00,1:00:00 PM,55,2,57
11/7/14 0:00,2:00:00 PM,37,0,37
11/7/14 0:00,3:00:00 PM,38,5,43
11/7/14 0:00,4:00:00 PM,27,1,28
11/7/14 0:00,5:00:00 PM,39,7,46
11/7/14 0:00,6:00:00 PM,76,33,109
11/7/14 0:00,7:00:00 PM,5,55,60
11/7/14 0:00,8:00:00 PM,0,18,18
11/7/14 0:00,9:00:00 PM,24,17,41
11/7/14 0:00,10:00:00 PM,2,2,4
11/7/14 0:00,11:00:00 PM,3,1,4
11/8/14 0:00,12:00:00 AM,5,0,5
11/8/14 0:00,1:00:00 AM,0,4,4
11/8/14 0:00,2:00:00 AM,0,0,0
11/8/14 0:00,3:00:00 AM,1,0,1
11/8/14 0:00,4:00:00 AM,0,1,1
11/8/14 0:00,5:00:00 AM,0,1,1
11/8/14 0:00,6:00:00 AM,0,5,5
11/8/14 0:00,7:00:00 AM,131,24,155
11/8/14 0:00,8:00:00 AM,166,40,206
11/8/14 0:00,9:00:00 AM,244,56,300
11/8/14 0:00,10:00:00 AM,320,66,386
11/8/14 0:00,11:00:00 AM,258,51,309
11/8/14 0:00,12:00:00 PM,181,55,236
11/8/14 0:00,1:00:00 PM,147,25,172
11/8/14 0:00,2:00:00 PM,127,33,160
11/8/14 0:00,3:00:00 PM,141,21,162
11/8/14 0:00,4:00:00 PM,76,25,101
11/8/14 0:00,5:00:00 PM,88,25,113
11/8/14 0:00,6:00:00 PM,145,19,164
11/8/14 0:00,7:00:00 PM,49,9,58
11/8/14 0:00,8:00:00 PM,8,2,10
11/8/14 0:00,9:00:00 PM,5,4,9
11/8/14 0:00,10:00:00 PM,0,1,1
11/8/14 0:00,11:00:00 PM,0,0,0
11/9/14 0:00,12:00:00 AM,0,0,0
11/9/14 0:00,1:00:00 AM,0,0,0
11/9/14 0:00,2:00:00 AM,0,0,0
11/9/14 0:00,3:00:00 AM,0,0,0
11/9/14 0:00,4:00:00 AM,0,0,0
11/9/14 0:00,5:00:00 AM,5,0,5
11/9/14 0:00,6:00:00 AM,7,15,22
11/9/14 0:00,7:00:00 AM,139,16,155
11/9/14 0:00,8:00:00 AM,184,36,220
11/9/14 0:00,9:00:00 AM,208,57,265
11/9/14 0:00,10:00:00 AM,302,55,357
11/9/14 0:00,11:00:00 AM,238,81,319
11/9/14 0:00,12:00:00 PM,191,54,245
11/9/14 0:00,1:00:00 PM,141,45,186
11/9/14 0:00,2:00:00 PM,164,50,214
11/9/14 0:00,3:00:00 PM,132,37,169
11/9/14 0:00,4:00:00 PM,78,38,116
11/9/14 0:00,5:00:00 PM,102,23,125
11/9/14 0:00,6:00:00 PM,160,17,177
11/9/14 0:00,7:00:00 PM,43,11,54
11/9/14 0:00,8:00:00 PM,2,6,8
11/9/14 0:00,9:00:00 PM,0,0,0
11/9/14 0:00,10:00:00 PM,0,0,0
11/9/14 0:00,11:00:00 PM,0,0,0
11/10/14 0:00,12:00:00 AM,0,0,0
11/10/14 0:00,1:00:00 AM,0,0,0
11/10/14 0:00,2:00:00 AM,0,0,0
11/10/14 0:00,3:00:00 AM,0,0,0
11/10/14 0:00,4:00:00 AM,0,1,1
11/10/14 0:00,5:00:00 AM,0,1,1
11/10/14 0:00,6:00:00 AM,10,0,10
11/10/14 0:00,7:00:00 AM,35,37,72
11/10/14 0:00,8:00:00 AM,51,11,62
11/10/14 0:00,9:00:00 AM,62,5,67
11/10/14 0:00,10:00:00 AM,86,18,104
11/10/14 0:00,11:00:00 AM,111,14,125
11/10/14 0:00,12:00:00 PM,62,32,94
11/10/14 0:00,1:00:00 PM,89,6,95
11/10/14 0:00,2:00:00 PM,52,8,60
11/10/14 0:00,3:00:00 PM,57,20,77
11/10/14 0:00,4:00:00 PM,34,32,66
11/10/14 0:00,5:00:00 PM,32,3,35
11/10/14 0:00,6:00:00 PM,65,25,90
11/10/14 0:00,7:00:00 PM,1,8,9
11/10/14 0:00,8:00:00 PM,2,8,10
11/10/14 0:00,9:00:00 PM,0,8,8
11/10/14 0:00,10:00:00 PM,0,0,0
11/10/14 0:00,11:00:00 PM,4,0,4
11/11/14 0:00,12:00:00 AM,0,0,0
11/11/14 0:00,1:00:00 AM,1,0,1
11/11/14 0:00,2:00:00 AM,0,0,0
11/11/14 0:00,3:00:00 AM,0,0,0
11/11/14 0:00,4:00:00 AM,0,0,0
11/11/14 0:00,5:00:00 AM,0,0,0
11/11/14 0:00,6:00:00 AM,9,0,9
11/11/14 0:00,7:00:00 AM,77,21,98
11/11/14 0:00,8:00:00 AM,86,6,92
11/11/14 0:00,9:00:00 AM,83,10,93
11/11/14 0:00,10:00:00 AM,102,30,132
11/11/14 0:00,11:00:00 AM,93,23,116
11/11/14 0:00,12:00:00 PM,70,15,85
11/11/14 0:00,1:00:00 PM,74,17,91
11/11/14 0:00,2:00:00 PM,45,20,65
11/11/14 0:00,3:00:00 PM,81,20,101
11/11/14 0:00,4:00:00 PM,49,46,95
11/11/14 0:00,5:00:00 PM,55,65,120
11/11/14 0:00,6:00:00 PM,67,38,105
11/11/14 0:00,7:00:00 PM,5,18,23
11/11/14 0:00,8:00:00 PM,1,6,7
11/11/14 0:00,9:00:00 PM,0,6,6
11/11/14 0:00,10:00:00 PM,0,2,2
11/11/14 0:00,11:00:00 PM,0,0,0
11/12/14 0:00,12:00:00 AM,0,2,2
11/12/14 0:00,1:00:00 AM,0,0,0
11/12/14 0:00,2:00:00 AM,0,0,0
11/12/14 0:00,3:00:00 AM,0,0,0
11/12/14 0:00,4:00:00 AM,0,1,1
11/12/14 0:00,5:00:00 AM,0,1,1
11/12/14 0:00,6:00:00 AM,0,0,0
11/12/14 0:00,7:00:00 AM,27,2,29
11/12/14 0:00,8:00:00 AM,35,10,45
11/12/14 0:00,9:00:00 AM,35,8,43
11/12/14 0:00,10:00:00 AM,19,3,22
11/12/14 0:00,11:00:00 AM,28,3,31
11/12/14 0:00,12:00:00 PM,29,3,32
11/12/14 0:00,1:00:00 PM,44,2,46
11/12/14 0:00,2:00:00 PM,32,5,37
11/12/14 0:00,3:00:00 PM,24,4,28
11/12/14 0:00,4:00:00 PM,25,10,35
11/12/14 0:00,5:00:00 PM,31,5,36
11/12/14 0:00,6:00:00 PM,36,40,76
11/12/14 0:00,7:00:00 PM,0,10,10
11/12/14 0:00,8:00:00 PM,0,20,20
11/12/14 0:00,9:00:00 PM,1,30,31
11/12/14 0:00,10:00:00 PM,0,5,5
11/12/14 0:00,11:00:00 PM,2,3,5
11/13/14 0:00,12:00:00 AM,0,0,0
11/13/14 0:00,1:00:00 AM,0,0,0
11/13/14 0:00,2:00:00 AM,0,0,0
11/13/14 0:00,3:00:00 AM,0,0,0
11/13/14 0:00,4:00:00 AM,0,0,0
11/13/14 0:00,5:00:00 AM,0,0,0
11/13/14 0:00,6:00:00 AM,0,5,5
11/13/14 0:00,7:00:00 AM,6,3,9
11/13/14 0:00,8:00:00 AM,6,3,9
11/13/14 0:00,9:00:00 AM,11,31,42
11/13/14 0:00,10:00:00 AM,22,0,22
11/13/14 0:00,11:00:00 AM,16,0,16
11/13/14 0:00,12:00:00 PM,24,2,26
11/13/14 0:00,1:00:00 PM,12,3,15
11/13/14 0:00,2:00:00 PM,18,3,21
11/13/14 0:00,3:00:00 PM,15,2,17
11/13/14 0:00,4:00:00 PM,26,3,29
11/13/14 0:00,5:00:00 PM,32,6,38
11/13/14 0:00,6:00:00 PM,34,7,41
11/13/14 0:00,7:00:00 PM,6,3,9
11/13/14 0:00,8:00:00 PM,0,21,21
11/13/14 0:00,9:00:00 PM,0,6,6
11/13/14 0:00,10:00:00 PM,0,7,7
11/13/14 0:00,11:00:00 PM,0,1,1
11/14/14 0:00,12:00:00 AM,0,0,0
11/14/14 0:00,1:00:00 AM,0,0,0
11/14/14 0:00,2:00:00 AM,0,0,0
11/14/14 0:00,3:00:00 AM,0,0,0
11/14/14 0:00,4:00:00 AM,0,0,0
11/14/14 0:00,5:00:00 AM,0,0,0
11/14/14 0:00,6:00:00 AM,0,2,2
11/14/14 0:00,7:00:00 AM,35,3,38
11/14/14 0:00,8:00:00 AM,60,4,64
11/14/14 0:00,9:00:00 AM,54,5,59
11/14/14 0:00,10:00:00 AM,76,13,89
11/14/14 0:00,11:00:00 AM,39,8,47
11/14/14 0:00,12:00:00 PM,37,7,44
11/14/14 0:00,1:00:00 PM,44,7,51
11/14/14 0:00,2:00:00 PM,33,13,46
11/14/14 0:00,3:00:00 PM,35,0,35
11/14/14 0:00,4:00:00 PM,27,5,32
11/14/14 0:00,5:00:00 PM,31,43,74
11/14/14 0:00,6:00:00 PM,57,15,72
11/14/14 0:00,7:00:00 PM,1,4,5
11/14/14 0:00,8:00:00 PM,1,2,3
11/14/14 0:00,9:00:00 PM,2,2,4
11/14/14 0:00,10:00:00 PM,7,52,59
11/14/14 0:00,11:00:00 PM,7,3,10
11/15/14 0:00,12:00:00 AM,3,48,51
11/15/14 0:00,1:00:00 AM,0,0,0
11/15/14 0:00,2:00:00 AM,0,2,2
11/15/14 0:00,3:00:00 AM,0,0,0
11/15/14 0:00,4:00:00 AM,2,1,3
11/15/14 0:00,5:00:00 AM,1,1,2
11/15/14 0:00,6:00:00 AM,0,0,0
11/15/14 0:00,7:00:00 AM,145,16,161
11/15/14 0:00,8:00:00 AM,164,37,201
11/15/14 0:00,9:00:00 AM,241,68,309
11/15/14 0:00,10:00:00 AM,221,61,282
11/15/14 0:00,11:00:00 AM,298,77,375
11/15/14 0:00,12:00:00 PM,262,73,335
11/15/14 0:00,1:00:00 PM,174,41,215
11/15/14 0:00,2:00:00 PM,121,22,143
11/15/14 0:00,3:00:00 PM,90,50,140
11/15/14 0:00,4:00:00 PM,80,99,179
11/15/14 0:00,5:00:00 PM,101,76,177
11/15/14 0:00,6:00:00 PM,105,32,137
11/15/14 0:00,7:00:00 PM,31,10,41
11/15/14 0:00,8:00:00 PM,1,2,3
11/15/14 0:00,9:00:00 PM,0,2,2
11/15/14 0:00,10:00:00 PM,0,129,129
11/15/14 0:00,11:00:00 PM,0,0,0
11/16/14 0:00,12:00:00 AM,0,0,0
11/16/14 0:00,1:00:00 AM,0,0,0
11/16/14 0:00,2:00:00 AM,0,0,0
11/16/14 0:00,3:00:00 AM,0,0,0
11/16/14 0:00,4:00:00 AM,0,1,1
11/16/14 0:00,5:00:00 AM,0,1,1
11/16/14 0:00,6:00:00 AM,15,3,18
11/16/14 0:00,7:00:00 AM,101,23,124
11/16/14 0:00,8:00:00 AM,144,22,166
11/16/14 0:00,9:00:00 AM,207,47,254
11/16/14 0:00,10:00:00 AM,207,54,261
11/16/14 0:00,11:00:00 AM,149,53,202
11/16/14 0:00,12:00:00 PM,104,39,143
11/16/14 0:00,1:00:00 PM,91,24,115
11/16/14 0:00,2:00:00 PM,65,27,92
11/16/14 0:00,3:00:00 PM,83,28,111
11/16/14 0:00,4:00:00 PM,87,28,115
11/16/14 0:00,5:00:00 PM,121,38,159
11/16/14 0:00,6:00:00 PM,99,11,110
11/16/14 0:00,7:00:00 PM,14,4,18
11/16/14 0:00,8:00:00 PM,0,0,0
11/16/14 0:00,9:00:00 PM,3,1,4
11/16/14 0:00,10:00:00 PM,0,0,0
11/16/14 0:00,11:00:00 PM,0,1,1
11/17/14 0:00,12:00:00 AM,4,0,4
11/17/14 0:00,1:00:00 AM,0,0,0
11/17/14 0:00,2:00:00 AM,0,0,0
11/17/14 0:00,3:00:00 AM,0,0,0
11/17/14 0:00,4:00:00 AM,0,1,1
11/17/14 0:00,5:00:00 AM,0,1,1
11/17/14 0:00,6:00:00 AM,1,1,2
11/17/14 0:00,7:00:00 AM,27,0,27
11/17/14 0:00,8:00:00 AM,35,2,37
11/17/14 0:00,9:00:00 AM,60,2,62
11/17/14 0:00,10:00:00 AM,83,1,84
11/17/14 0:00,11:00:00 AM,55,2,57
11/17/14 0:00,12:00:00 PM,44,4,48
11/17/14 0:00,1:00:00 PM,37,7,44
11/17/14 0:00,2:00:00 PM,42,0,42
11/17/14 0:00,3:00:00 PM,27,11,38
11/17/14 0:00,4:00:00 PM,48,5,53
11/17/14 0:00,5:00:00 PM,65,8,73
11/17/14 0:00,6:00:00 PM,49,12,61
11/17/14 0:00,7:00:00 PM,0,10,10
11/17/14 0:00,8:00:00 PM,0,3,3
11/17/14 0:00,9:00:00 PM,0,5,5
11/17/14 0:00,10:00:00 PM,1,3,4
11/17/14 0:00,11:00:00 PM,2,0,2
11/18/14 0:00,12:00:00 AM,1,0,1
11/18/14 0:00,1:00:00 AM,0,0,0
11/18/14 0:00,2:00:00 AM,0,0,0
11/18/14 0:00,3:00:00 AM,0,0,0
11/18/14 0:00,4:00:00 AM,0,1,1
11/18/14 0:00,5:00:00 AM,1,1,2
11/18/14 0:00,6:00:00 AM,8,1,9
11/18/14 0:00,7:00:00 AM,25,0,25
11/18/14 0:00,8:00:00 AM,41,15,56
11/18/14 0:00,9:00:00 AM,43,50,93
11/18/14 0:00,10:00:00 AM,39,2,41
11/18/14 0:00,11:00:00 AM,53,11,64
11/18/14 0:00,12:00:00 PM,22,2,24
11/18/14 0:00,1:00:00 PM,38,1,39
11/18/14 0:00,2:00:00 PM,23,9,32
11/18/14 0:00,3:00:00 PM,16,2,18
11/18/14 0:00,4:00:00 PM,24,3,27
11/18/14 0:00,5:00:00 PM,57,4,61
11/18/14 0:00,6:00:00 PM,45,8,53
11/18/14 0:00,7:00:00 PM,0,13,13
11/18/14 0:00,8:00:00 PM,4,5,9
11/18/14 0:00,9:00:00 PM,1,5,6
11/18/14 0:00,10:00:00 PM,1,3,4
11/18/14 0:00,11:00:00 PM,1,1,2
11/19/14 0:00,12:00:00 AM,1,2,3
11/19/14 0:00,1:00:00 AM,0,0,0
11/19/14 0:00,2:00:00 AM,0,0,0
11/19/14 0:00,3:00:00 AM,0,0,0
11/19/14 0:00,4:00:00 AM,0,1,1
11/19/14 0:00,5:00:00 AM,0,1,1
11/19/14 0:00,6:00:00 AM,2,0,2
11/19/14 0:00,7:00:00 AM,15,1,16
11/19/14 0:00,8:00:00 AM,30,3,33
11/19/14 0:00,9:00:00 AM,25,8,33
11/19/14 0:00,10:00:00 AM,20,1,21
11/19/14 0:00,11:00:00 AM,23,1,24
11/19/14 0:00,12:00:00 PM,23,0,23
11/19/14 0:00,1:00:00 PM,14,0,14
11/19/14 0:00,2:00:00 PM,15,0,15
11/19/14 0:00,3:00:00 PM,6,0,6
11/19/14 0:00,4:00:00 PM,20,3,23
11/19/14 0:00,5:00:00 PM,16,3,19
11/19/14 0:00,6:00:00 PM,12,4,16
11/19/14 0:00,7:00:00 PM,0,2,2
11/19/14 0:00,8:00:00 PM,0,4,4
11/19/14 0:00,9:00:00 PM,0,3,3
11/19/14 0:00,10:00:00 PM,0,1,1
11/19/14 0:00,11:00:00 PM,0,0,0
11/20/14 0:00,12:00:00 AM,0,0,0
11/20/14 0:00,1:00:00 AM,0,0,0
11/20/14 0:00,2:00:00 AM,0,0,0
11/20/14 0:00,3:00:00 AM,0,0,0
11/20/14 0:00,4:00:00 AM,0,1,1
11/20/14 0:00,5:00:00 AM,0,1,1
11/20/14 0:00,6:00:00 AM,0,6,6
11/20/14 0:00,7:00:00 AM,8,2,10
11/20/14 0:00,8:00:00 AM,16,3,19
11/20/14 0:00,9:00:00 AM,11,4,15
11/20/14 0:00,10:00:00 AM,19,1,20
11/20/14 0:00,11:00:00 AM,12,1,13
11/20/14 0:00,12:00:00 PM,5,18,23
11/20/14 0:00,1:00:00 PM,11,0,11
11/20/14 0:00,2:00:00 PM,7,0,7
11/20/14 0:00,3:00:00 PM,15,1,16
11/20/14 0:00,4:00:00 PM,11,0,11
11/20/14 0:00,5:00:00 PM,9,0,9
11/20/14 0:00,6:00:00 PM,2,0,2
11/20/14 0:00,7:00:00 PM,1,0,1
11/20/14 0:00,8:00:00 PM,0,0,0
11/20/14 0:00,9:00:00 PM,0,0,0
11/20/14 0:00,10:00:00 PM,0,0,0
11/20/14 0:00,11:00:00 PM,0,0,0
11/21/14 0:00,12:00:00 AM,0,0,0
11/21/14 0:00,1:00:00 AM,0,0,0
11/21/14 0:00,2:00:00 AM,0,0,0
11/21/14 0:00,3:00:00 AM,0,0,0
11/21/14 0:00,4:00:00 AM,0,0,0
11/21/14 0:00,5:00:00 AM,3,0,3
11/21/14 0:00,6:00:00 AM,1,0,1
11/21/14 0:00,7:00:00 AM,14,1,15
11/21/14 0:00,8:00:00 AM,18,1,19
11/21/14 0:00,9:00:00 AM,34,3,37
11/21/14 0:00,10:00:00 AM,35,4,39
11/21/14 0:00,11:00:00 AM,29,3,32
11/21/14 0:00,12:00:00 PM,36,3,39
11/21/14 0:00,1:00:00 PM,34,3,37
11/21/14 0:00,2:00:00 PM,17,1,18
11/21/14 0:00,3:00:00 PM,34,0,34
11/21/14 0:00,4:00:00 PM,49,4,53
11/21/14 0:00,5:00:00 PM,33,3,36
11/21/14 0:00,6:00:00 PM,49,3,52
11/21/14 0:00,7:00:00 PM,1,31,32
11/21/14 0:00,8:00:00 PM,0,5,5
11/21/14 0:00,9:00:00 PM,0,3,3
11/21/14 0:00,10:00:00 PM,0,1,1
11/21/14 0:00,11:00:00 PM,0,0,0
11/22/14 0:00,12:00:00 AM,0,0,0
11/22/14 0:00,1:00:00 AM,10,0,10
11/22/14 0:00,2:00:00 AM,0,0,0
11/22/14 0:00,3:00:00 AM,0,0,0
11/22/14 0:00,4:00:00 AM,3,1,4
11/22/14 0:00,5:00:00 AM,0,0,0
11/22/14 0:00,6:00:00 AM,3,0,3
11/22/14 0:00,7:00:00 AM,57,1,58
11/22/14 0:00,8:00:00 AM,53,6,59
11/22/14 0:00,9:00:00 AM,26,5,31
11/22/14 0:00,10:00:00 AM,14,3,17
11/22/14 0:00,11:00:00 AM,21,5,26
11/22/14 0:00,12:00:00 PM,17,4,21
11/22/14 0:00,1:00:00 PM,15,2,17
11/22/14 0:00,2:00:00 PM,20,5,25
11/22/14 0:00,3:00:00 PM,42,12,54
11/22/14 0:00,4:00:00 PM,44,14,58
11/22/14 0:00,5:00:00 PM,51,18,69
11/22/14 0:00,6:00:00 PM,49,2,51
11/22/14 0:00,7:00:00 PM,8,9,17
11/22/14 0:00,8:00:00 PM,2,0,2
11/22/14 0:00,9:00:00 PM,0,9,9
11/22/14 0:00,10:00:00 PM,0,0,0
11/22/14 0:00,11:00:00 PM,0,0,0
11/23/14 0:00,12:00:00 AM,0,0,0
11/23/14 0:00,1:00:00 AM,1,0,1
11/23/14 0:00,2:00:00 AM,0,0,0
11/23/14 0:00,3:00:00 AM,1,0,1
11/23/14 0:00,4:00:00 AM,0,0,0
11/23/14 0:00,5:00:00 AM,0,1,1
11/23/14 0:00,6:00:00 AM,4,2,6
11/23/14 0:00,7:00:00 AM,63,16,79
11/23/14 0:00,8:00:00 AM,134,22,156
11/23/14 0:00,9:00:00 AM,136,56,192
11/23/14 0:00,10:00:00 AM,188,72,260
11/23/14 0:00,11:00:00 AM,210,42,252
11/23/14 0:00,12:00:00 PM,160,78,238
11/23/14 0:00,1:00:00 PM,144,40,184
11/23/14 0:00,2:00:00 PM,121,51,172
11/23/14 0:00,3:00:00 PM,132,41,173
11/23/14 0:00,4:00:00 PM,121,36,157
11/23/14 0:00,5:00:00 PM,134,32,166
11/23/14 0:00,6:00:00 PM,119,27,146
11/23/14 0:00,7:00:00 PM,26,0,26
11/23/14 0:00,8:00:00 PM,0,5,5
11/23/14 0:00,9:00:00 PM,0,1,1
11/23/14 0:00,10:00:00 PM,0,0,0
11/23/14 0:00,11:00:00 PM,0,0,0
11/24/14 0:00,12:00:00 AM,6,0,6
11/24/14 0:00,1:00:00 AM,7,35,42
11/24/14 0:00,2:00:00 AM,0,0,0
11/24/14 0:00,3:00:00 AM,0,0,0
11/24/14 0:00,4:00:00 AM,13,1,14
11/24/14 0:00,5:00:00 AM,0,1,1
11/24/14 0:00,6:00:00 AM,1,2,3
11/24/14 0:00,7:00:00 AM,37,0,37
11/24/14 0:00,8:00:00 AM,40,3,43
11/24/14 0:00,9:00:00 AM,51,5,56
11/24/14 0:00,10:00:00 AM,70,5,75
11/24/14 0:00,11:00:00 AM,81,20,101
11/24/14 0:00,12:00:00 PM,55,12,67
11/24/14 0:00,1:00:00 PM,46,34,80
11/24/14 0:00,2:00:00 PM,53,22,75
11/24/14 0:00,3:00:00 PM,49,69,118
11/24/14 0:00,4:00:00 PM,54,22,76
11/24/14 0:00,5:00:00 PM,58,3,61
11/24/14 0:00,6:00:00 PM,69,8,77
11/24/14 0:00,7:00:00 PM,9,12,21
11/24/14 0:00,8:00:00 PM,1,7,8
11/24/14 0:00,9:00:00 PM,0,2,2
11/24/14 0:00,10:00:00 PM,1,2,3
11/24/14 0:00,11:00:00 PM,0,1,1
11/25/14 0:00,12:00:00 AM,0,0,0
11/25/14 0:00,1:00:00 AM,0,2,2
11/25/14 0:00,2:00:00 AM,0,1,1
11/25/14 0:00,3:00:00 AM,0,0,0
11/25/14 0:00,4:00:00 AM,0,1,1
11/25/14 0:00,5:00:00 AM,0,1,1
11/25/14 0:00,6:00:00 AM,1,0,1
11/25/14 0:00,7:00:00 AM,41,0,41
11/25/14 0:00,8:00:00 AM,43,7,50
11/25/14 0:00,9:00:00 AM,60,5,65
11/25/14 0:00,10:00:00 AM,86,9,95
11/25/14 0:00,11:00:00 AM,75,14,89
11/25/14 0:00,12:00:00 PM,71,6,77
11/25/14 0:00,1:00:00 PM,38,8,46
11/25/14 0:00,2:00:00 PM,51,10,61
11/25/14 0:00,3:00:00 PM,36,3,39
11/25/14 0:00,4:00:00 PM,48,8,56
11/25/14 0:00,5:00:00 PM,65,8,73
11/25/14 0:00,6:00:00 PM,56,6,62
11/25/14 0:00,7:00:00 PM,8,13,21
11/25/14 0:00,8:00:00 PM,0,6,6
11/25/14 0:00,9:00:00 PM,0,9,9
11/25/14 0:00,10:00:00 PM,3,2,5
11/25/14 0:00,11:00:00 PM,1,1,2
11/26/14 0:00,12:00:00 AM,0,0,0
11/26/14 0:00,1:00:00 AM,0,0,0
11/26/14 0:00,2:00:00 AM,0,0,0
11/26/14 0:00,3:00:00 AM,0,0,0
11/26/14 0:00,4:00:00 AM,0,1,1
11/26/14 0:00,5:00:00 AM,5,0,5
11/26/14 0:00,6:00:00 AM,6,0,6
11/26/14 0:00,7:00:00 AM,51,0,51
11/26/14 0:00,8:00:00 AM,52,16,68
11/26/14 0:00,9:00:00 AM,106,23,129
11/26/14 0:00,10:00:00 AM,172,12,184
11/26/14 0:00,11:00:00 AM,112,17,129
11/26/14 0:00,12:00:00 PM,118,37,155
11/26/14 0:00,1:00:00 PM,58,16,74
11/26/14 0:00,2:00:00 PM,53,10,63
11/26/14 0:00,3:00:00 PM,39,12,51
11/26/14 0:00,4:00:00 PM,41,8,49
11/26/14 0:00,5:00:00 PM,64,16,80
11/26/14 0:00,6:00:00 PM,76,31,107
11/26/14 0:00,7:00:00 PM,8,11,19
11/26/14 0:00,8:00:00 PM,1,8,9
11/26/14 0:00,9:00:00 PM,2,4,6
11/26/14 0:00,10:00:00 PM,1,1,2
11/26/14 0:00,11:00:00 PM,0,1,1
11/27/14 0:00,12:00:00 AM,0,0,0
11/27/14 0:00,1:00:00 AM,0,0,0
11/27/14 0:00,2:00:00 AM,0,0,0
11/27/14 0:00,3:00:00 AM,0,0,0
11/27/14 0:00,4:00:00 AM,0,1,1
11/27/14 0:00,5:00:00 AM,3,1,4
11/27/14 0:00,6:00:00 AM,8,6,14
11/27/14 0:00,7:00:00 AM,105,20,125
11/27/14 0:00,8:00:00 AM,154,54,208
11/27/14 0:00,9:00:00 AM,234,77,311
11/27/14 0:00,10:00:00 AM,281,65,346
11/27/14 0:00,11:00:00 AM,283,81,364
11/27/14 0:00,12:00:00 PM,265,61,326
11/27/14 0:00,1:00:00 PM,169,64,233
11/27/14 0:00,2:00:00 PM,125,69,194
11/27/14 0:00,3:00:00 PM,87,24,111
11/27/14 0:00,4:00:00 PM,94,17,111
11/27/14 0:00,5:00:00 PM,105,14,119
11/27/14 0:00,6:00:00 PM,96,7,103
11/27/14 0:00,7:00:00 PM,32,2,34
11/27/14 0:00,8:00:00 PM,4,0,4
11/27/14 0:00,9:00:00 PM,3,0,3
11/27/14 0:00,10:00:00 PM,0,0,0
11/27/14 0:00,11:00:00 PM,0,0,0
11/28/14 0:00,12:00:00 AM,0,0,0
11/28/14 0:00,1:00:00 AM,0,0,0
11/28/14 0:00,2:00:00 AM,0,0,0
11/28/14 0:00,3:00:00 AM,0,0,0
11/28/14 0:00,4:00:00 AM,0,1,1
11/28/14 0:00,5:00:00 AM,0,1,1
11/28/14 0:00,6:00:00 AM,0,0,0
11/28/14 0:00,7:00:00 AM,39,7,46
11/28/14 0:00,8:00:00 AM,81,9,90
11/28/14 0:00,9:00:00 AM,88,25,113
11/28/14 0:00,10:00:00 AM,142,55,197
11/28/14 0:00,11:00:00 AM,168,54,222
11/28/14 0:00,12:00:00 PM,185,63,248
11/28/14 0:00,1:00:00 PM,152,50,202
11/28/14 0:00,2:00:00 PM,126,58,184
11/28/14 0:00,3:00:00 PM,115,58,173
11/28/14 0:00,4:00:00 PM,128,61,189
11/28/14 0:00,5:00:00 PM,138,43,181
11/28/14 0:00,6:00:00 PM,159,22,181
11/28/14 0:00,7:00:00 PM,33,8,41
11/28/14 0:00,8:00:00 PM,0,0,0
11/28/14 0:00,9:00:00 PM,1,1,2
11/28/14 0:00,10:00:00 PM,0,0,0
11/28/14 0:00,11:00:00 PM,2,0,2
11/29/14 0:00,12:00:00 AM,1,0,1
11/29/14 0:00,1:00:00 AM,1,0,1
11/29/14 0:00,2:00:00 AM,0,0,0
11/29/14 0:00,3:00:00 AM,0,0,0
11/29/14 0:00,4:00:00 AM,0,2,2
11/29/14 0:00,5:00:00 AM,0,0,0
11/29/14 0:00,6:00:00 AM,0,0,0
11/29/14 0:00,7:00:00 AM,4,0,4
11/29/14 0:00,8:00:00 AM,8,0,8
11/29/14 0:00,9:00:00 AM,6,3,9
11/29/14 0:00,10:00:00 AM,14,6,20
11/29/14 0:00,11:00:00 AM,44,8,52
11/29/14 0:00,12:00:00 PM,27,5,32
11/29/14 0:00,1:00:00 PM,53,11,64
11/29/14 0:00,2:00:00 PM,49,12,61
11/29/14 0:00,3:00:00 PM,75,10,85
11/29/14 0:00,4:00:00 PM,74,16,90
11/29/14 0:00,5:00:00 PM,55,17,72
11/29/14 0:00,6:00:00 PM,56,14,70
11/29/14 0:00,7:00:00 PM,12,5,17
11/29/14 0:00,8:00:00 PM,2,6,8
11/29/14 0:00,9:00:00 PM,1,0,1
11/29/14 0:00,10:00:00 PM,0,0,0
11/29/14 0:00,11:00:00 PM,0,1,1
11/30/14 0:00,12:00:00 AM,1,0,1
11/30/14 0:00,1:00:00 AM,0,0,0
11/30/14 0:00,2:00:00 AM,0,0,0
11/30/14 0:00,3:00:00 AM,0,0,0
11/30/14 0:00,4:00:00 AM,0,0,0
11/30/14 0:00,5:00:00 AM,0,3,3
11/30/14 0:00,6:00:00 AM,3,0,3
11/30/14 0:00,7:00:00 AM,29,5,34
11/30/14 0:00,8:00:00 AM,40,6,46
11/30/14 0:00,9:00:00 AM,45,13,58
11/30/14 0:00,10:00:00 AM,26,4,30
11/30/14 0:00,11:00:00 AM,14,2,16
11/30/14 0:00,12:00:00 PM,3,0,3
11/30/14 0:00,1:00:00 PM,11,1,12
11/30/14 0:00,2:00:00 PM,16,7,23
11/30/14 0:00,3:00:00 PM,43,1,44
11/30/14 0:00,4:00:00 PM,44,13,57
11/30/14 0:00,5:00:00 PM,33,9,42
11/30/14 0:00,6:00:00 PM,23,7,30
11/30/14 0:00,7:00:00 PM,11,0,11
11/30/14 0:00,8:00:00 PM,0,1,1
11/30/14 0:00,9:00:00 PM,0,0,0
11/30/14 0:00,10:00:00 PM,0,0,0
11/30/14 0:00,11:00:00 PM,0,0,0
12/1/14 0:00,12:00:00 AM,0,0,0
12/1/14 0:00,1:00:00 AM,0,0,0
12/1/14 0:00,2:00:00 AM,0,0,0
12/1/14 0:00,3:00:00 AM,0,0,0
12/1/14 0:00,4:00:00 AM,0,0,0
12/1/14 0:00,5:00:00 AM,0,0,0
12/1/14 0:00,6:00:00 AM,2,1,3
12/1/14 0:00,7:00:00 AM,16,0,16
12/1/14 0:00,8:00:00 AM,15,3,18
12/1/14 0:00,9:00:00 AM,22,0,22
12/1/14 0:00,10:00:00 AM,37,3,40
12/1/14 0:00,11:00:00 AM,35,3,38
12/1/14 0:00,12:00:00 PM,42,8,50
12/1/14 0:00,1:00:00 PM,27,1,28
12/1/14 0:00,2:00:00 PM,30,2,32
12/1/14 0:00,3:00:00 PM,27,7,34
12/1/14 0:00,4:00:00 PM,8,1,9
12/1/14 0:00,5:00:00 PM,15,1,16
12/1/14 0:00,6:00:00 PM,8,1,9
12/1/14 0:00,7:00:00 PM,1,3,4
12/1/14 0:00,8:00:00 PM,0,1,1
12/1/14 0:00,9:00:00 PM,0,5,5
12/1/14 0:00,10:00:00 PM,0,0,0
12/1/14 0:00,11:00:00 PM,0,0,0
12/2/14 0:00,12:00:00 AM,0,0,0
12/2/14 0:00,1:00:00 AM,0,0,0
12/2/14 0:00,2:00:00 AM,0,0,0
12/2/14 0:00,3:00:00 AM,0,0,0
12/2/14 0:00,4:00:00 AM,0,0,0
12/2/14 0:00,5:00:00 AM,0,0,0
12/2/14 0:00,6:00:00 AM,0,0,0
12/2/14 0:00,7:00:00 AM,0,0,0
12/2/14 0:00,8:00:00 AM,0,0,0
12/2/14 0:00,9:00:00 AM,0,0,0
12/2/14 0:00,10:00:00 AM,0,0,0
12/2/14 0:00,12:00:00 PM,1,0,1
12/2/14 0:00,1:00:00 PM,1,1,2
12/2/14 0:00,2:00:00 PM,2,0,2
12/2/14 0:00,3:00:00 PM,0,0,0
12/2/14 0:00,4:00:00 PM,1,0,1
12/2/14 0:00,5:00:00 PM,7,0,7
12/2/14 0:00,6:00:00 PM,3,3,6
12/2/14 0:00,7:00:00 PM,1,0,1
12/2/14 0:00,8:00:00 PM,0,0,0
12/2/14 0:00,9:00:00 PM,0,0,0
12/2/14 0:00,10:00:00 PM,0,0,0
12/2/14 0:00,11:00:00 PM,0,0,0
12/3/14 0:00,12:00:00 AM,0,0,0
12/3/14 0:00,1:00:00 AM,0,0,0
12/3/14 0:00,2:00:00 AM,0,0,0
12/3/14 0:00,3:00:00 AM,0,0,0
12/3/14 0:00,4:00:00 AM,0,0,0
12/3/14 0:00,5:00:00 AM,0,0,0
12/3/14 0:00,6:00:00 AM,0,0,0
12/3/14 0:00,7:00:00 AM,1,0,1
12/3/14 0:00,8:00:00 AM,1,0,1
12/3/14 0:00,9:00:00 AM,2,0,2
12/3/14 0:00,10:00:00 AM,2,0,2
12/3/14 0:00,11:00:00 AM,2,1,3
12/3/14 0:00,12:00:00 PM,0,0,0
12/3/14 0:00,1:00:00 PM,0,0,0
12/3/14 0:00,2:00:00 PM,2,0,2
12/3/14 0:00,3:00:00 PM,1,0,1
12/3/14 0:00,4:00:00 PM,3,0,3
12/3/14 0:00,5:00:00 PM,1,2,3
12/3/14 0:00,6:00:00 PM,1,0,1
12/3/14 0:00,7:00:00 PM,0,2,2
12/3/14 0:00,8:00:00 PM,0,3,3
12/3/14 0:00,9:00:00 PM,0,1,1
12/3/14 0:00,10:00:00 PM,0,0,0
12/3/14 0:00,11:00:00 PM,0,0,0
12/4/14 0:00,12:00:00 AM,0,0,0
12/4/14 0:00,1:00:00 AM,0,0,0
12/4/14 0:00,2:00:00 AM,0,0,0
12/4/14 0:00,3:00:00 AM,0,0,0
12/4/14 0:00,4:00:00 AM,0,0,0
12/4/14 0:00,5:00:00 AM,0,0,0
12/4/14 0:00,6:00:00 AM,0,5,5
12/4/14 0:00,7:00:00 AM,6,1,7
12/4/14 0:00,8:00:00 AM,11,3,14
12/4/14 0:00,9:00:00 AM,5,0,5
12/4/14 0:00,10:00:00 AM,17,0,17
12/4/14 0:00,11:00:00 AM,13,5,18
12/4/14 0:00,12:00:00 PM,17,0,17
12/4/14 0:00,1:00:00 PM,10,5,15
12/4/14 0:00,2:00:00 PM,13,11,24
12/4/14 0:00,3:00:00 PM,14,3,17
12/4/14 0:00,4:00:00 PM,22,2,24
12/4/14 0:00,5:00:00 PM,27,2,29
12/4/14 0:00,6:00:00 PM,20,2,22
12/4/14 0:00,7:00:00 PM,5,0,5
12/4/14 0:00,8:00:00 PM,4,2,6
12/4/14 0:00,9:00:00 PM,0,1,1
12/4/14 0:00,10:00:00 PM,0,2,2
12/4/14 0:00,11:00:00 PM,0,1,1
12/5/14 0:00,12:00:00 AM,0,0,0
12/5/14 0:00,1:00:00 AM,0,0,0
12/5/14 0:00,2:00:00 AM,0,0,0
12/5/14 0:00,3:00:00 AM,0,0,0
12/5/14 0:00,4:00:00 AM,0,1,1
12/5/14 0:00,5:00:00 AM,0,1,1
12/5/14 0:00,6:00:00 AM,0,1,1
12/5/14 0:00,7:00:00 AM,15,0,15
12/5/14 0:00,8:00:00 AM,19,2,21
12/5/14 0:00,9:00:00 AM,27,2,29
12/5/14 0:00,10:00:00 AM,29,1,30
12/5/14 0:00,11:00:00 AM,29,4,33
12/5/14 0:00,12:00:00 PM,13,1,14
12/5/14 0:00,1:00:00 PM,22,1,23
12/5/14 0:00,2:00:00 PM,12,5,17
12/5/14 0:00,3:00:00 PM,19,1,20
12/5/14 0:00,4:00:00 PM,29,5,34
12/5/14 0:00,5:00:00 PM,18,4,22
12/5/14 0:00,6:00:00 PM,14,1,15
12/5/14 0:00,7:00:00 PM,2,0,2
12/5/14 0:00,8:00:00 PM,0,0,0
12/5/14 0:00,9:00:00 PM,0,0,0
12/5/14 0:00,10:00:00 PM,0,0,0
12/5/14 0:00,11:00:00 PM,0,0,0
12/6/14 0:00,12:00:00 AM,1,0,1
12/6/14 0:00,1:00:00 AM,2,0,2
12/6/14 0:00,2:00:00 AM,1,4,5
12/6/14 0:00,3:00:00 AM,0,0,0
12/6/14 0:00,4:00:00 AM,0,0,0
12/6/14 0:00,5:00:00 AM,0,0,0
12/6/14 0:00,6:00:00 AM,1,0,1
12/6/14 0:00,7:00:00 AM,24,3,27
12/6/14 0:00,8:00:00 AM,13,1,14
12/6/14 0:00,9:00:00 AM,28,4,32
12/6/14 0:00,10:00:00 AM,36,13,49
12/6/14 0:00,11:00:00 AM,62,16,78
12/6/14 0:00,12:00:00 PM,67,24,91
12/6/14 0:00,1:00:00 PM,68,26,94
12/6/14 0:00,2:00:00 PM,87,19,106
12/6/14 0:00,3:00:00 PM,91,28,119
12/6/14 0:00,4:00:00 PM,102,29,131
12/6/14 0:00,5:00:00 PM,78,18,96
12/6/14 0:00,6:00:00 PM,81,30,111
12/6/14 0:00,7:00:00 PM,22,11,33
12/6/14 0:00,8:00:00 PM,1,1,2
12/6/14 0:00,9:00:00 PM,1,3,4
12/6/14 0:00,10:00:00 PM,0,13,13
12/6/14 0:00,11:00:00 PM,0,0,0
12/7/14 0:00,12:00:00 AM,0,0,0
12/7/14 0:00,1:00:00 AM,0,0,0
12/7/14 0:00,2:00:00 AM,0,0,0
12/7/14 0:00,3:00:00 AM,0,0,0
12/7/14 0:00,4:00:00 AM,0,1,1
12/7/14 0:00,5:00:00 AM,0,1,1
12/7/14 0:00,6:00:00 AM,2,2,4
12/7/14 0:00,7:00:00 AM,69,28,97
12/7/14 0:00,8:00:00 AM,91,19,110
12/7/14 0:00,9:00:00 AM,109,38,147
12/7/14 0:00,10:00:00 AM,158,41,199
12/7/14 0:00,11:00:00 AM,169,46,215
12/7/14 0:00,12:00:00 PM,150,33,183
12/7/14 0:00,1:00:00 PM,117,39,156
12/7/14 0:00,2:00:00 PM,108,43,151
12/7/14 0:00,3:00:00 PM,117,33,150
12/7/14 0:00,4:00:00 PM,107,36,143
12/7/14 0:00,5:00:00 PM,69,20,89
12/7/14 0:00,6:00:00 PM,94,13,107
12/7/14 0:00,7:00:00 PM,11,9,20
12/7/14 0:00,8:00:00 PM,0,2,2
12/7/14 0:00,9:00:00 PM,0,5,5
12/7/14 0:00,10:00:00 PM,2,0,2
12/7/14 0:00,11:00:00 PM,1,0,1
12/8/14 0:00,12:00:00 AM,0,0,0
12/8/14 0:00,1:00:00 AM,3,0,3
12/8/14 0:00,2:00:00 AM,0,0,0
12/8/14 0:00,3:00:00 AM,0,0,0
12/8/14 0:00,4:00:00 AM,0,1,1
12/8/14 0:00,5:00:00 AM,0,1,1
12/8/14 0:00,6:00:00 AM,1,5,6
12/8/14 0:00,7:00:00 AM,26,5,31
12/8/14 0:00,8:00:00 AM,13,3,16
12/8/14 0:00,9:00:00 AM,47,9,56
12/8/14 0:00,10:00:00 AM,64,2,66
12/8/14 0:00,11:00:00 AM,34,9,43
12/8/14 0:00,12:00:00 PM,37,1,38
12/8/14 0:00,1:00:00 PM,40,8,48
12/8/14 0:00,2:00:00 PM,49,1,50
12/8/14 0:00,3:00:00 PM,32,2,34
12/8/14 0:00,4:00:00 PM,40,2,42
12/8/14 0:00,5:00:00 PM,38,6,44
12/8/14 0:00,6:00:00 PM,41,10,51
12/8/14 0:00,7:00:00 PM,0,3,3
12/8/14 0:00,8:00:00 PM,1,5,6
12/8/14 0:00,9:00:00 PM,0,1,1
12/8/14 0:00,10:00:00 PM,1,2,3
12/8/14 0:00,11:00:00 PM,1,0,1
12/9/14 0:00,12:00:00 AM,1,0,1
12/9/14 0:00,1:00:00 AM,0,0,0
12/9/14 0:00,2:00:00 AM,0,0,0
12/9/14 0:00,3:00:00 AM,0,0,0
12/9/14 0:00,4:00:00 AM,0,1,1
12/9/14 0:00,5:00:00 AM,0,1,1
12/9/14 0:00,6:00:00 AM,2,1,3
12/9/14 0:00,7:00:00 AM,22,0,22
12/9/14 0:00,8:00:00 AM,26,3,29
12/9/14 0:00,9:00:00 AM,44,5,49
12/9/14 0:00,10:00:00 AM,47,3,50
12/9/14 0:00,11:00:00 AM,33,7,40
12/9/14 0:00,12:00:00 PM,33,18,51
12/9/14 0:00,1:00:00 PM,41,2,43
12/9/14 0:00,2:00:00 PM,37,3,40
12/9/14 0:00,3:00:00 PM,23,3,26
12/9/14 0:00,4:00:00 PM,38,4,42
12/9/14 0:00,5:00:00 PM,34,10,44
12/9/14 0:00,6:00:00 PM,22,6,28
12/9/14 0:00,7:00:00 PM,1,5,6
12/9/14 0:00,8:00:00 PM,2,6,8
12/9/14 0:00,9:00:00 PM,1,7,8
12/9/14 0:00,10:00:00 PM,1,2,3
12/9/14 0:00,11:00:00 PM,1,2,3
12/10/14 0:00,12:00:00 AM,0,0,0
12/10/14 0:00,1:00:00 AM,0,0,0
12/10/14 0:00,2:00:00 AM,1,0,1
12/10/14 0:00,3:00:00 AM,0,0,0
12/10/14 0:00,4:00:00 AM,0,1,1
12/10/14 0:00,5:00:00 AM,0,1,1
12/10/14 0:00,6:00:00 AM,1,0,1
12/10/14 0:00,7:00:00 AM,33,1,34
12/10/14 0:00,8:00:00 AM,51,2,53
12/10/14 0:00,9:00:00 AM,63,0,63
12/10/14 0:00,10:00:00 AM,32,1,33
12/10/14 0:00,11:00:00 AM,35,8,43
12/10/14 0:00,12:00:00 PM,26,1,27
12/10/14 0:00,1:00:00 PM,35,2,37
12/10/14 0:00,2:00:00 PM,47,3,50
12/10/14 0:00,3:00:00 PM,40,3,43
12/10/14 0:00,4:00:00 PM,34,4,38
12/10/14 0:00,5:00:00 PM,27,8,35
12/10/14 0:00,6:00:00 PM,12,3,15
12/10/14 0:00,7:00:00 PM,4,5,9
12/10/14 0:00,8:00:00 PM,1,1,2
12/10/14 0:00,9:00:00 PM,0,3,3
12/10/14 0:00,10:00:00 PM,0,0,0
12/10/14 0:00,11:00:00 PM,0,1,1
12/11/14 0:00,12:00:00 AM,0,0,0
12/11/14 0:00,1:00:00 AM,0,0,0
12/11/14 0:00,2:00:00 AM,0,0,0
12/11/14 0:00,3:00:00 AM,0,1,1
12/11/14 0:00,4:00:00 AM,0,0,0
12/11/14 0:00,5:00:00 AM,0,0,0
12/11/14 0:00,6:00:00 AM,0,4,4
12/11/14 0:00,7:00:00 AM,5,12,17
12/11/14 0:00,8:00:00 AM,3,9,12
12/11/14 0:00,9:00:00 AM,2,0,2
12/11/14 0:00,10:00:00 AM,0,0,0
12/11/14 0:00,11:00:00 AM,2,0,2
12/11/14 0:00,12:00:00 PM,3,0,3
12/11/14 0:00,1:00:00 PM,1,0,1
12/11/14 0:00,2:00:00 PM,4,0,4
12/11/14 0:00,3:00:00 PM,2,0,2
12/11/14 0:00,4:00:00 PM,0,1,1
12/11/14 0:00,5:00:00 PM,1,2,3
12/11/14 0:00,6:00:00 PM,2,6,8
12/11/14 0:00,7:00:00 PM,0,0,0
12/11/14 0:00,8:00:00 PM,0,0,0
12/11/14 0:00,9:00:00 PM,0,0,0
12/11/14 0:00,10:00:00 PM,0,0,0
12/11/14 0:00,11:00:00 PM,0,0,0
12/12/14 0:00,12:00:00 AM,0,0,0
12/12/14 0:00,1:00:00 AM,0,0,0
12/12/14 0:00,2:00:00 AM,0,0,0
12/12/14 0:00,3:00:00 AM,0,0,0
12/12/14 0:00,4:00:00 AM,0,0,0
12/12/14 0:00,5:00:00 AM,0,0,0
12/12/14 0:00,6:00:00 AM,0,0,0
12/12/14 0:00,7:00:00 AM,3,0,3
12/12/14 0:00,8:00:00 AM,2,1,3
12/12/14 0:00,9:00:00 AM,4,0,4
12/12/14 0:00,10:00:00 AM,5,1,6
12/12/14 0:00,11:00:00 AM,8,1,9
12/12/14 0:00,12:00:00 PM,3,0,3
12/12/14 0:00,1:00:00 PM,1,1,2
12/12/14 0:00,2:00:00 PM,2,1,3
12/12/14 0:00,3:00:00 PM,1,0,1
12/12/14 0:00,4:00:00 PM,5,1,6
12/12/14 0:00,5:00:00 PM,9,3,12
12/12/14 0:00,6:00:00 PM,11,4,15
12/12/14 0:00,7:00:00 PM,1,1,2
12/12/14 0:00,8:00:00 PM,0,2,2
12/12/14 0:00,9:00:00 PM,0,1,1
12/12/14 0:00,10:00:00 PM,0,0,0
12/12/14 0:00,11:00:00 PM,0,0,0
12/13/14 0:00,12:00:00 AM,0,1,1
12/13/14 0:00,1:00:00 AM,0,0,0
12/13/14 0:00,2:00:00 AM,0,0,0
12/13/14 0:00,3:00:00 AM,0,0,0
12/13/14 0:00,4:00:00 AM,0,0,0
12/13/14 0:00,5:00:00 AM,1,0,1
12/13/14 0:00,6:00:00 AM,2,0,2
12/13/14 0:00,7:00:00 AM,34,10,44
12/13/14 0:00,8:00:00 AM,40,8,48
12/13/14 0:00,9:00:00 AM,56,20,76
12/13/14 0:00,10:00:00 AM,89,43,132
12/13/14 0:00,11:00:00 AM,105,37,142
12/13/14 0:00,12:00:00 PM,96,31,127
12/13/14 0:00,1:00:00 PM,66,31,97
12/13/14 0:00,2:00:00 PM,93,16,109
12/13/14 0:00,3:00:00 PM,131,7,138
12/13/14 0:00,4:00:00 PM,108,18,126
12/13/14 0:00,5:00:00 PM,96,10,106
12/13/14 0:00,6:00:00 PM,79,8,87
12/13/14 0:00,7:00:00 PM,18,6,24
12/13/14 0:00,8:00:00 PM,0,0,0
12/13/14 0:00,9:00:00 PM,2,2,4
12/13/14 0:00,10:00:00 PM,1,0,1
12/13/14 0:00,11:00:00 PM,4,3,7
12/14/14 0:00,12:00:00 AM,1,0,1
12/14/14 0:00,1:00:00 AM,0,0,0
12/14/14 0:00,2:00:00 AM,0,0,0
12/14/14 0:00,3:00:00 AM,0,0,0
12/14/14 0:00,4:00:00 AM,0,1,1
12/14/14 0:00,5:00:00 AM,2,2,4
12/14/14 0:00,6:00:00 AM,2,6,8
12/14/14 0:00,7:00:00 AM,63,9,72
12/14/14 0:00,8:00:00 AM,106,23,129
12/14/14 0:00,9:00:00 AM,96,51,147
12/14/14 0:00,10:00:00 AM,131,34,165
12/14/14 0:00,11:00:00 AM,177,37,214
12/14/14 0:00,12:00:00 PM,167,46,213
12/14/14 0:00,1:00:00 PM,141,24,165
12/14/14 0:00,2:00:00 PM,191,26,217
12/14/14 0:00,3:00:00 PM,154,25,179
12/14/14 0:00,4:00:00 PM,148,27,175
12/14/14 0:00,5:00:00 PM,140,12,152
12/14/14 0:00,6:00:00 PM,86,6,92
12/14/14 0:00,7:00:00 PM,24,0,24
12/14/14 0:00,8:00:00 PM,0,0,0
12/14/14 0:00,9:00:00 PM,2,0,2
12/14/14 0:00,10:00:00 PM,0,0,0
12/14/14 0:00,11:00:00 PM,0,0,0
12/15/14 0:00,12:00:00 AM,0,0,0
12/15/14 0:00,1:00:00 AM,0,0,0
12/15/14 0:00,2:00:00 AM,0,0,0
12/15/14 0:00,3:00:00 AM,0,0,0
12/15/14 0:00,4:00:00 AM,0,0,0
12/15/14 0:00,5:00:00 AM,0,0,0
12/15/14 0:00,6:00:00 AM,0,0,0
12/15/14 0:00,7:00:00 AM,2,0,2
12/15/14 0:00,8:00:00 AM,2,0,2
12/15/14 0:00,9:00:00 AM,3,0,3
12/15/14 0:00,10:00:00 AM,5,0,5
12/15/14 0:00,11:00:00 AM,3,0,3
12/15/14 0:00,12:00:00 PM,12,1,13
12/15/14 0:00,1:00:00 PM,2,0,2
12/15/14 0:00,2:00:00 PM,10,0,10
12/15/14 0:00,3:00:00 PM,5,0,5
12/15/14 0:00,4:00:00 PM,7,0,7
12/15/14 0:00,5:00:00 PM,16,1,17
12/15/14 0:00,6:00:00 PM,6,0,6
12/15/14 0:00,7:00:00 PM,1,0,1
12/15/14 0:00,8:00:00 PM,0,0,0
12/15/14 0:00,9:00:00 PM,0,0,0
12/15/14 0:00,10:00:00 PM,0,0,0
12/15/14 0:00,11:00:00 PM,0,0,0
12/16/14 0:00,12:00:00 AM,0,0,0
12/16/14 0:00,1:00:00 AM,0,0,0
12/16/14 0:00,2:00:00 AM,0,0,0
12/16/14 0:00,3:00:00 AM,0,0,0
12/16/14 0:00,4:00:00 AM,0,1,1
12/16/14 0:00,5:00:00 AM,0,1,1
12/16/14 0:00,6:00:00 AM,1,0,1
12/16/14 0:00,7:00:00 AM,7,1,8
12/16/14 0:00,8:00:00 AM,7,0,7
12/16/14 0:00,9:00:00 AM,21,1,22
12/16/14 0:00,10:00:00 AM,27,0,27
12/16/14 0:00,11:00:00 AM,27,0,27
12/16/14 0:00,12:00:00 PM,23,1,24
12/16/14 0:00,1:00:00 PM,36,1,37
12/16/14 0:00,2:00:00 PM,29,5,34
12/16/14 0:00,3:00:00 PM,20,4,24
12/16/14 0:00,4:00:00 PM,25,0,25
12/16/14 0:00,5:00:00 PM,6,1,7
12/16/14 0:00,6:00:00 PM,1,0,1
12/16/14 0:00,7:00:00 PM,1,0,1
12/16/14 0:00,8:00:00 PM,0,0,0
12/16/14 0:00,9:00:00 PM,0,2,2
12/16/14 0:00,10:00:00 PM,0,0,0
12/16/14 0:00,11:00:00 PM,0,0,0
12/17/14 0:00,12:00:00 AM,0,0,0
12/17/14 0:00,1:00:00 AM,0,0,0
12/17/14 0:00,2:00:00 AM,0,0,0
12/17/14 0:00,3:00:00 AM,0,0,0
12/17/14 0:00,4:00:00 AM,0,0,0
12/17/14 0:00,5:00:00 AM,0,0,0
12/17/14 0:00,6:00:00 AM,0,0,0
12/17/14 0:00,7:00:00 AM,5,0,5
12/17/14 0:00,8:00:00 AM,8,0,8
12/17/14 0:00,9:00:00 AM,8,0,8
12/17/14 0:00,10:00:00 AM,9,0,9
12/17/14 0:00,11:00:00 AM,3,2,5
12/17/14 0:00,12:00:00 PM,7,0,7
12/17/14 0:00,1:00:00 PM,13,2,15
12/17/14 0:00,2:00:00 PM,14,0,14
12/17/14 0:00,3:00:00 PM,16,1,17
12/17/14 0:00,4:00:00 PM,11,1,12
12/17/14 0:00,5:00:00 PM,8,3,11
12/17/14 0:00,6:00:00 PM,7,0,7
12/17/14 0:00,7:00:00 PM,2,1,3
12/17/14 0:00,8:00:00 PM,1,0,1
12/17/14 0:00,9:00:00 PM,0,0,0
12/17/14 0:00,10:00:00 PM,0,0,0
12/17/14 0:00,11:00:00 PM,0,0,0
12/18/14 0:00,12:00:00 AM,0,0,0
12/18/14 0:00,1:00:00 AM,0,0,0
12/18/14 0:00,2:00:00 AM,0,0,0
12/18/14 0:00,3:00:00 AM,0,0,0
12/18/14 0:00,4:00:00 AM,0,1,1
12/18/14 0:00,5:00:00 AM,0,1,1
12/18/14 0:00,6:00:00 AM,0,8,8
12/18/14 0:00,7:00:00 AM,24,3,27
12/18/14 0:00,8:00:00 AM,9,3,12
12/18/14 0:00,9:00:00 AM,18,5,23
12/18/14 0:00,10:00:00 AM,23,5,28
12/18/14 0:00,11:00:00 AM,34,2,36
12/18/14 0:00,12:00:00 PM,20,5,25
12/18/14 0:00,1:00:00 PM,35,18,53
12/18/14 0:00,2:00:00 PM,37,3,40
12/18/14 0:00,3:00:00 PM,35,5,40
12/18/14 0:00,4:00:00 PM,34,9,43
12/18/14 0:00,5:00:00 PM,36,6,42
12/18/14 0:00,6:00:00 PM,20,5,25
12/18/14 0:00,7:00:00 PM,3,5,8
12/18/14 0:00,8:00:00 PM,0,1,1
12/18/14 0:00,9:00:00 PM,1,4,5
12/18/14 0:00,10:00:00 PM,0,5,5
12/18/14 0:00,11:00:00 PM,0,1,1
12/19/14 0:00,12:00:00 AM,1,0,1
12/19/14 0:00,1:00:00 AM,0,0,0
12/19/14 0:00,2:00:00 AM,0,0,0
12/19/14 0:00,3:00:00 AM,0,0,0
12/19/14 0:00,4:00:00 AM,0,1,1
12/19/14 0:00,5:00:00 AM,0,1,1
12/19/14 0:00,6:00:00 AM,1,0,1
12/19/14 0:00,7:00:00 AM,6,1,7
12/19/14 0:00,8:00:00 AM,14,1,15
12/19/14 0:00,9:00:00 AM,26,23,49
12/19/14 0:00,10:00:00 AM,17,1,18
12/19/14 0:00,11:00:00 AM,21,2,23
12/19/14 0:00,12:00:00 PM,7,1,8
12/19/14 0:00,1:00:00 PM,4,2,6
12/19/14 0:00,2:00:00 PM,4,0,4
12/19/14 0:00,3:00:00 PM,2,0,2
12/19/14 0:00,4:00:00 PM,11,0,11
12/19/14 0:00,5:00:00 PM,6,2,8
12/19/14 0:00,6:00:00 PM,3,0,3
12/19/14 0:00,7:00:00 PM,2,0,2
12/19/14 0:00,8:00:00 PM,0,1,1
12/19/14 0:00,9:00:00 PM,0,0,0
12/19/14 0:00,10:00:00 PM,0,1,1
12/19/14 0:00,11:00:00 PM,0,0,0
12/20/14 0:00,12:00:00 AM,0,0,0
12/20/14 0:00,1:00:00 AM,0,0,0
12/20/14 0:00,2:00:00 AM,0,0,0
12/20/14 0:00,3:00:00 AM,0,0,0
12/20/14 0:00,4:00:00 AM,0,1,1
12/20/14 0:00,5:00:00 AM,0,1,1
12/20/14 0:00,6:00:00 AM,5,0,5
12/20/14 0:00,7:00:00 AM,30,7,37
12/20/14 0:00,8:00:00 AM,29,14,43
12/20/14 0:00,9:00:00 AM,47,64,111
12/20/14 0:00,10:00:00 AM,81,29,110
12/20/14 0:00,11:00:00 AM,54,30,84
12/20/14 0:00,12:00:00 PM,56,22,78
12/20/14 0:00,1:00:00 PM,60,13,73
12/20/14 0:00,2:00:00 PM,60,12,72
12/20/14 0:00,3:00:00 PM,76,30,106
12/20/14 0:00,4:00:00 PM,65,26,91
12/20/14 0:00,5:00:00 PM,76,5,81
12/20/14 0:00,6:00:00 PM,57,10,67
12/20/14 0:00,7:00:00 PM,7,14,21
12/20/14 0:00,8:00:00 PM,0,0,0
12/20/14 0:00,9:00:00 PM,0,0,0
12/20/14 0:00,10:00:00 PM,0,1,1
12/20/14 0:00,11:00:00 PM,3,0,3
12/21/14 0:00,12:00:00 AM,0,0,0
12/21/14 0:00,1:00:00 AM,0,0,0
12/21/14 0:00,2:00:00 AM,0,0,0
12/21/14 0:00,3:00:00 AM,0,0,0
12/21/14 0:00,4:00:00 AM,0,0,0
12/21/14 0:00,5:00:00 AM,1,1,2
12/21/14 0:00,6:00:00 AM,20,2,22
12/21/14 0:00,7:00:00 AM,52,6,58
12/21/14 0:00,8:00:00 AM,55,14,69
12/21/14 0:00,9:00:00 AM,65,22,87
12/21/14 0:00,10:00:00 AM,111,21,132
12/21/14 0:00,11:00:00 AM,113,19,132
12/21/14 0:00,12:00:00 PM,114,24,138
12/21/14 0:00,1:00:00 PM,79,34,113
12/21/14 0:00,2:00:00 PM,100,20,120
12/21/14 0:00,3:00:00 PM,132,25,157
12/21/14 0:00,4:00:00 PM,81,24,105
12/21/14 0:00,5:00:00 PM,107,16,123
12/21/14 0:00,6:00:00 PM,56,3,59
12/21/14 0:00,7:00:00 PM,16,1,17
12/21/14 0:00,8:00:00 PM,3,2,5
12/21/14 0:00,9:00:00 PM,1,1,2
12/21/14 0:00,10:00:00 PM,0,0,0
12/21/14 0:00,11:00:00 PM,0,1,1
12/22/14 0:00,12:00:00 AM,0,0,0
12/22/14 0:00,1:00:00 AM,0,0,0
12/22/14 0:00,2:00:00 AM,0,0,0
12/22/14 0:00,3:00:00 AM,0,0,0
12/22/14 0:00,4:00:00 AM,0,1,1
12/22/14 0:00,5:00:00 AM,0,1,1
12/22/14 0:00,6:00:00 AM,1,1,2
12/22/14 0:00,7:00:00 AM,21,1,22
12/22/14 0:00,8:00:00 AM,33,1,34
12/22/14 0:00,9:00:00 AM,46,8,54
12/22/14 0:00,10:00:00 AM,60,5,65
12/22/14 0:00,11:00:00 AM,87,9,96
12/22/14 0:00,12:00:00 PM,68,17,85
12/22/14 0:00,1:00:00 PM,76,10,86
12/22/14 0:00,2:00:00 PM,95,9,104
12/22/14 0:00,3:00:00 PM,85,5,90
12/22/14 0:00,4:00:00 PM,90,11,101
12/22/14 0:00,5:00:00 PM,81,17,98
12/22/14 0:00,6:00:00 PM,52,7,59
12/22/14 0:00,7:00:00 PM,26,7,33
12/22/14 0:00,8:00:00 PM,2,6,8
12/22/14 0:00,9:00:00 PM,1,2,3
12/22/14 0:00,10:00:00 PM,1,1,2
12/22/14 0:00,11:00:00 PM,1,1,2
12/23/14 0:00,12:00:00 AM,0,0,0
12/23/14 0:00,1:00:00 AM,0,0,0
12/23/14 0:00,2:00:00 AM,1,0,1
12/23/14 0:00,3:00:00 AM,0,0,0
12/23/14 0:00,4:00:00 AM,0,1,1
12/23/14 0:00,5:00:00 AM,0,0,0
12/23/14 0:00,6:00:00 AM,5,0,5
12/23/14 0:00,7:00:00 AM,54,2,56
12/23/14 0:00,8:00:00 AM,36,9,45
12/23/14 0:00,9:00:00 AM,82,3,85
12/23/14 0:00,10:00:00 AM,98,9,107
12/23/14 0:00,11:00:00 AM,103,60,163
12/23/14 0:00,12:00:00 PM,116,25,141
12/23/14 0:00,1:00:00 PM,110,25,135
12/23/14 0:00,2:00:00 PM,109,24,133
12/23/14 0:00,3:00:00 PM,87,21,108
12/23/14 0:00,4:00:00 PM,114,24,138
12/23/14 0:00,5:00:00 PM,92,15,107
12/23/14 0:00,6:00:00 PM,83,3,86
12/23/14 0:00,7:00:00 PM,14,9,23
12/23/14 0:00,8:00:00 PM,0,19,19
12/23/14 0:00,9:00:00 PM,0,7,7
12/23/14 0:00,10:00:00 PM,0,4,4
12/23/14 0:00,11:00:00 PM,0,0,0
12/24/14 0:00,12:00:00 AM,0,0,0
12/24/14 0:00,1:00:00 AM,0,0,0
12/24/14 0:00,2:00:00 AM,0,0,0
12/24/14 0:00,3:00:00 AM,0,0,0
12/24/14 0:00,4:00:00 AM,0,1,1
12/24/14 0:00,5:00:00 AM,5,1,6
12/24/14 0:00,6:00:00 AM,7,0,7
12/24/14 0:00,7:00:00 AM,47,5,52
12/24/14 0:00,8:00:00 AM,46,9,55
12/24/14 0:00,9:00:00 AM,97,7,104
12/24/14 0:00,10:00:00 AM,93,19,112
12/24/14 0:00,11:00:00 AM,93,15,108
12/24/14 0:00,12:00:00 PM,75,8,83
12/24/14 0:00,1:00:00 PM,64,7,71
12/24/14 0:00,2:00:00 PM,60,8,68
12/24/14 0:00,3:00:00 PM,48,0,48
12/24/14 0:00,4:00:00 PM,19,1,20
12/24/14 0:00,5:00:00 PM,18,9,27
12/24/14 0:00,6:00:00 PM,22,9,31
12/24/14 0:00,7:00:00 PM,4,0,4
12/24/14 0:00,8:00:00 PM,0,1,1
12/24/14 0:00,9:00:00 PM,0,0,0
12/24/14 0:00,10:00:00 PM,0,1,1
12/24/14 0:00,11:00:00 PM,0,0,0
12/25/14 0:00,12:00:00 AM,0,0,0
12/25/14 0:00,1:00:00 AM,0,0,0
12/25/14 0:00,2:00:00 AM,0,0,0
12/25/14 0:00,3:00:00 AM,0,0,0
12/25/14 0:00,4:00:00 AM,0,0,0
12/25/14 0:00,5:00:00 AM,0,1,1
12/25/14 0:00,6:00:00 AM,4,6,10
12/25/14 0:00,7:00:00 AM,38,3,41
12/25/14 0:00,8:00:00 AM,45,5,50
12/25/14 0:00,9:00:00 AM,98,14,112
12/25/14 0:00,10:00:00 AM,160,19,179
12/25/14 0:00,11:00:00 AM,175,35,210
12/25/14 0:00,12:00:00 PM,266,64,330
12/25/14 0:00,1:00:00 PM,258,54,312
12/25/14 0:00,2:00:00 PM,288,96,384
12/25/14 0:00,3:00:00 PM,343,45,388
12/25/14 0:00,4:00:00 PM,289,63,352
12/25/14 0:00,5:00:00 PM,259,56,315
12/25/14 0:00,6:00:00 PM,215,20,235
12/25/14 0:00,7:00:00 PM,34,5,39
12/25/14 0:00,8:00:00 PM,1,1,2
12/25/14 0:00,9:00:00 PM,0,0,0
12/25/14 0:00,10:00:00 PM,3,0,3
12/25/14 0:00,11:00:00 PM,0,0,0
12/26/14 0:00,12:00:00 AM,0,0,0
12/26/14 0:00,1:00:00 AM,0,1,1
12/26/14 0:00,2:00:00 AM,0,0,0
12/26/14 0:00,3:00:00 AM,2,0,2
12/26/14 0:00,4:00:00 AM,0,0,0
12/26/14 0:00,5:00:00 AM,0,0,0
12/26/14 0:00,6:00:00 AM,10,1,11
12/26/14 0:00,7:00:00 AM,41,6,47
12/26/14 0:00,8:00:00 AM,65,7,72
12/26/14 0:00,9:00:00 AM,96,16,112
12/26/14 0:00,10:00:00 AM,121,76,197
12/26/14 0:00,11:00:00 AM,164,28,192
12/26/14 0:00,12:00:00 PM,159,61,220
12/26/14 0:00,1:00:00 PM,161,61,222
12/26/14 0:00,2:00:00 PM,157,30,187
12/26/14 0:00,3:00:00 PM,168,50,218
12/26/14 0:00,4:00:00 PM,179,59,238
12/26/14 0:00,5:00:00 PM,134,34,168
12/26/14 0:00,6:00:00 PM,112,14,126
12/26/14 0:00,7:00:00 PM,21,2,23
12/26/14 0:00,8:00:00 PM,0,1,1
12/26/14 0:00,9:00:00 PM,0,0,0
12/26/14 0:00,10:00:00 PM,0,0,0
12/26/14 0:00,11:00:00 PM,1,0,1
12/27/14 0:00,12:00:00 AM,0,0,0
12/27/14 0:00,1:00:00 AM,2,2,4
12/27/14 0:00,2:00:00 AM,0,0,0
12/27/14 0:00,3:00:00 AM,0,0,0
12/27/14 0:00,4:00:00 AM,0,1,1
12/27/14 0:00,5:00:00 AM,1,1,2
12/27/14 0:00,6:00:00 AM,16,3,19
12/27/14 0:00,7:00:00 AM,64,9,73
12/27/14 0:00,8:00:00 AM,144,14,158
12/27/14 0:00,9:00:00 AM,163,23,186
12/27/14 0:00,10:00:00 AM,201,32,233
12/27/14 0:00,11:00:00 AM,275,97,372
12/27/14 0:00,12:00:00 PM,295,80,375
12/27/14 0:00,1:00:00 PM,201,71,272
12/27/14 0:00,2:00:00 PM,243,83,326
12/27/14 0:00,3:00:00 PM,223,69,292
12/27/14 0:00,4:00:00 PM,254,77,331
12/27/14 0:00,5:00:00 PM,185,34,219
12/27/14 0:00,6:00:00 PM,181,26,207
12/27/14 0:00,7:00:00 PM,53,7,60
12/27/14 0:00,8:00:00 PM,9,4,13
12/27/14 0:00,9:00:00 PM,1,0,1
12/27/14 0:00,10:00:00 PM,2,1,3
12/27/14 0:00,11:00:00 PM,0,0,0
12/28/14 0:00,12:00:00 AM,0,0,0
12/28/14 0:00,1:00:00 AM,0,0,0
12/28/14 0:00,2:00:00 AM,0,0,0
12/28/14 0:00,3:00:00 AM,0,0,0
12/28/14 0:00,4:00:00 AM,0,1,1
12/28/14 0:00,5:00:00 AM,1,2,3
12/28/14 0:00,6:00:00 AM,6,3,9
12/28/14 0:00,7:00:00 AM,65,10,75
12/28/14 0:00,8:00:00 AM,71,14,85
12/28/14 0:00,9:00:00 AM,129,28,157
12/28/14 0:00,10:00:00 AM,190,51,241
12/28/14 0:00,11:00:00 AM,232,81,313
12/28/14 0:00,12:00:00 PM,200,54,254
12/28/14 0:00,1:00:00 PM,182,59,241
12/28/14 0:00,2:00:00 PM,218,68,286
12/28/14 0:00,3:00:00 PM,226,82,308
12/28/14 0:00,4:00:00 PM,195,91,286
12/28/14 0:00,5:00:00 PM,195,50,245
12/28/14 0:00,6:00:00 PM,164,21,185
12/28/14 0:00,7:00:00 PM,52,11,63
12/28/14 0:00,8:00:00 PM,5,9,14
12/28/14 0:00,9:00:00 PM,2,1,3
12/28/14 0:00,10:00:00 PM,0,0,0
12/28/14 0:00,11:00:00 PM,0,0,0
12/29/14 0:00,12:00:00 AM,0,0,0
12/29/14 0:00,1:00:00 AM,1,0,1
12/29/14 0:00,2:00:00 AM,0,0,0
12/29/14 0:00,3:00:00 AM,0,0,0
12/29/14 0:00,4:00:00 AM,0,1,1
12/29/14 0:00,5:00:00 AM,2,1,3
12/29/14 0:00,6:00:00 AM,13,3,16
12/29/14 0:00,7:00:00 AM,36,4,40
12/29/14 0:00,8:00:00 AM,47,8,55
12/29/14 0:00,9:00:00 AM,167,17,184
12/29/14 0:00,10:00:00 AM,126,20,146
12/29/14 0:00,11:00:00 AM,143,38,181
12/29/14 0:00,12:00:00 PM,147,35,182
12/29/14 0:00,1:00:00 PM,174,22,196
12/29/14 0:00,2:00:00 PM,145,49,194
12/29/14 0:00,3:00:00 PM,167,38,205
12/29/14 0:00,4:00:00 PM,176,42,218
12/29/14 0:00,5:00:00 PM,121,29,150
12/29/14 0:00,6:00:00 PM,114,22,136
12/29/14 0:00,7:00:00 PM,27,6,33
12/29/14 0:00,8:00:00 PM,0,7,7
12/29/14 0:00,9:00:00 PM,3,1,4
12/29/14 0:00,10:00:00 PM,0,0,0
12/29/14 0:00,11:00:00 PM,1,0,1
12/30/14 0:00,12:00:00 AM,0,0,0
12/30/14 0:00,1:00:00 AM,1,0,1
12/30/14 0:00,2:00:00 AM,0,0,0
12/30/14 0:00,3:00:00 AM,0,0,0
12/30/14 0:00,4:00:00 AM,0,1,1
12/30/14 0:00,5:00:00 AM,4,0,4
12/30/14 0:00,6:00:00 AM,8,0,8
12/30/14 0:00,7:00:00 AM,34,2,36
12/30/14 0:00,8:00:00 AM,64,4,68
12/30/14 0:00,9:00:00 AM,87,5,92
12/30/14 0:00,10:00:00 AM,109,11,120
12/30/14 0:00,11:00:00 AM,170,29,199
12/30/14 0:00,12:00:00 PM,180,18,198
12/30/14 0:00,1:00:00 PM,155,28,183
12/30/14 0:00,2:00:00 PM,123,10,133
12/30/14 0:00,3:00:00 PM,130,28,158
12/30/14 0:00,4:00:00 PM,89,10,99
12/30/14 0:00,5:00:00 PM,86,6,92
12/30/14 0:00,6:00:00 PM,29,1,30
12/30/14 0:00,7:00:00 PM,9,1,10
12/30/14 0:00,8:00:00 PM,0,0,0
12/30/14 0:00,9:00:00 PM,0,5,5
12/30/14 0:00,10:00:00 PM,1,0,1
12/30/14 0:00,11:00:00 PM,0,0,0
12/31/14 0:00,12:00:00 AM,0,0,0
12/31/14 0:00,1:00:00 AM,0,0,0
12/31/14 0:00,2:00:00 AM,1,0,1
12/31/14 0:00,3:00:00 AM,1,0,1
12/31/14 0:00,4:00:00 AM,0,0,0
12/31/14 0:00,5:00:00 AM,0,0,0
12/31/14 0:00,6:00:00 AM,14,1,15
12/31/14 0:00,7:00:00 AM,33,2,35
12/31/14 0:00,8:00:00 AM,41,5,46
12/31/14 0:00,9:00:00 AM,89,9,98
12/31/14 0:00,10:00:00 AM,108,22,130
12/31/14 0:00,11:00:00 AM,121,30,151
12/31/14 0:00,12:00:00 PM,123,39,162
12/31/14 0:00,1:00:00 PM,109,22,131
12/31/14 0:00,2:00:00 PM,94,29,123
12/31/14 0:00,3:00:00 PM,123,24,147
12/31/14 0:00,4:00:00 PM,143,31,174
12/31/14 0:00,5:00:00 PM,85,8,93
12/31/14 0:00,6:00:00 PM,76,5,81
12/31/14 0:00,7:00:00 PM,10,4,14
12/31/14 0:00,8:00:00 PM,1,1,2
12/31/14 0:00,9:00:00 PM,0,0,0
12/31/14 0:00,10:00:00 PM,1,1,2
12/31/14 0:00,11:00:00 PM,1,1,2
1/1/15 0:00,12:00:00 AM,1,0,1
1/1/15 0:00,1:00:00 AM,2,1,3
1/1/15 0:00,2:00:00 AM,1,0,1
1/1/15 0:00,3:00:00 AM,3,0,3
1/1/15 0:00,4:00:00 AM,2,0,2
1/1/15 0:00,5:00:00 AM,4,0,4
1/1/15 0:00,6:00:00 AM,19,12,31
1/1/15 0:00,7:00:00 AM,84,60,144
1/1/15 0:00,8:00:00 AM,67,8,75
1/1/15 0:00,9:00:00 AM,119,50,169
1/1/15 0:00,10:00:00 AM,226,93,319
1/1/15 0:00,11:00:00 AM,313,114,427
1/1/15 0:00,12:00:00 PM,351,118,469
1/1/15 0:00,1:00:00 PM,323,174,497
1/1/15 0:00,2:00:00 PM,304,158,462
1/1/15 0:00,3:00:00 PM,374,116,490
1/1/15 0:00,4:00:00 PM,426,168,594
1/1/15 0:00,5:00:00 PM,352,135,487
1/1/15 0:00,6:00:00 PM,330,60,390
1/1/15 0:00,7:00:00 PM,140,6,146
1/1/15 0:00,8:00:00 PM,14,5,19
1/1/15 0:00,9:00:00 PM,3,0,3
1/1/15 0:00,10:00:00 PM,0,0,0
1/1/15 0:00,11:00:00 PM,0,0,0
1/2/15 0:00,12:00:00 AM,0,0,0
1/2/15 0:00,1:00:00 AM,0,0,0
1/2/15 0:00,2:00:00 AM,0,0,0
1/2/15 0:00,3:00:00 AM,0,0,0
1/2/15 0:00,4:00:00 AM,0,1,1
1/2/15 0:00,5:00:00 AM,0,1,1
1/2/15 0:00,6:00:00 AM,4,0,4
1/2/15 0:00,7:00:00 AM,47,8,55
1/2/15 0:00,8:00:00 AM,60,14,74
1/2/15 0:00,9:00:00 AM,142,10,152
1/2/15 0:00,10:00:00 AM,154,30,184
1/2/15 0:00,11:00:00 AM,216,50,266
1/2/15 0:00,12:00:00 PM,175,57,232
1/2/15 0:00,1:00:00 PM,205,45,250
1/2/15 0:00,2:00:00 PM,181,62,243
1/2/15 0:00,3:00:00 PM,217,57,274
1/2/15 0:00,4:00:00 PM,227,58,285
1/2/15 0:00,5:00:00 PM,184,40,224
1/2/15 0:00,6:00:00 PM,186,21,207
1/2/15 0:00,7:00:00 PM,31,2,33
1/2/15 0:00,8:00:00 PM,1,0,1
1/2/15 0:00,9:00:00 PM,0,1,1
1/2/15 0:00,10:00:00 PM,0,0,0
1/2/15 0:00,11:00:00 PM,0,0,0
1/3/15 0:00,12:00:00 AM,0,0,0
1/3/15 0:00,1:00:00 AM,0,0,0
1/3/15 0:00,2:00:00 AM,0,0,0
1/3/15 0:00,3:00:00 AM,0,0,0
1/3/15 0:00,4:00:00 AM,0,1,1
1/3/15 0:00,5:00:00 AM,1,1,2
1/3/15 0:00,6:00:00 AM,13,0,13
1/3/15 0:00,7:00:00 AM,63,8,71
1/3/15 0:00,8:00:00 AM,88,10,98
1/3/15 0:00,9:00:00 AM,153,43,196
1/3/15 0:00,10:00:00 AM,274,59,333
1/3/15 0:00,11:00:00 AM,299,92,391
1/3/15 0:00,12:00:00 PM,317,122,439
1/3/15 0:00,1:00:00 PM,285,123,408
1/3/15 0:00,2:00:00 PM,279,97,376
1/3/15 0:00,3:00:00 PM,277,79,356
1/3/15 0:00,4:00:00 PM,289,67,356
1/3/15 0:00,5:00:00 PM,233,74,307
1/3/15 0:00,6:00:00 PM,239,28,267
1/3/15 0:00,7:00:00 PM,87,16,103
1/3/15 0:00,8:00:00 PM,6,8,14
1/3/15 0:00,9:00:00 PM,4,1,5
1/3/15 0:00,10:00:00 PM,4,14,18
1/3/15 0:00,11:00:00 PM,2,0,2
1/4/15 0:00,12:00:00 AM,0,0,0
1/4/15 0:00,1:00:00 AM,0,0,0
1/4/15 0:00,2:00:00 AM,0,0,0
1/4/15 0:00,3:00:00 AM,5,0,5
1/4/15 0:00,4:00:00 AM,3,0,3
1/4/15 0:00,5:00:00 AM,1,0,1
1/4/15 0:00,6:00:00 AM,10,6,16
1/4/15 0:00,7:00:00 AM,55,6,61
1/4/15 0:00,8:00:00 AM,81,28,109
1/4/15 0:00,9:00:00 AM,145,37,182
1/4/15 0:00,10:00:00 AM,175,45,220
1/4/15 0:00,11:00:00 AM,243,78,321
1/4/15 0:00,12:00:00 PM,233,106,339
1/4/15 0:00,1:00:00 PM,232,72,304
1/4/15 0:00,2:00:00 PM,201,95,296
1/4/15 0:00,3:00:00 PM,225,69,294
1/4/15 0:00,4:00:00 PM,218,68,286
1/4/15 0:00,5:00:00 PM,210,43,253
1/4/15 0:00,6:00:00 PM,170,18,188
1/4/15 0:00,7:00:00 PM,63,9,72
1/4/15 0:00,8:00:00 PM,6,3,9
1/4/15 0:00,9:00:00 PM,1,0,1
1/4/15 0:00,10:00:00 PM,5,0,5
1/4/15 0:00,11:00:00 PM,0,0,0
1/5/15 0:00,12:00:00 AM,0,0,0
1/5/15 0:00,1:00:00 AM,0,0,0
1/5/15 0:00,2:00:00 AM,0,0,0
1/5/15 0:00,3:00:00 AM,0,0,0
1/5/15 0:00,4:00:00 AM,0,0,0
1/5/15 0:00,5:00:00 AM,0,0,0
1/5/15 0:00,6:00:00 AM,8,0,8
1/5/15 0:00,7:00:00 AM,25,1,26
1/5/15 0:00,8:00:00 AM,23,6,29
1/5/15 0:00,9:00:00 AM,58,2,60
1/5/15 0:00,10:00:00 AM,81,5,86